0.000000
0.000000
0.000000
0.000000
0.000000
0.000000
0.000000
0.000000
0.000000
0.000000
0.000000
0.000000
0.000000
0.000000
0.000000
0.000000
0.000000
0.000000
0.000000
0.000000
0.000000
0.000000
0.000000
0.000000
0.000000
0.000000
0.000000
0.000000
0.000000
0.000000
0.000000
0.000000
0.000000
0.000000
0.000000
0.000000
0.000000
0.000000
0.000000
0.000000
0.000000
0.000000
0.000000
0.000000
0.000000
0.000000
0.000000
0.000000
0.000000
0.000000
0.000000
0.000000
0.000000
0.000000
0.000000
0.000000
0.000000
0.000000
0.000000
0.000000
0.000000
0.000000
0.000000
0.000000
0.000000
0.000000
0.000000
0.000000
0.000000
0.040000
93.200000
98.700000
95.700000
86.920000
95.200000
95.800000
97.000000
95.800000
93.600000
99.100000
92.010000
5.820000
0.000000
1.380000
3.610000
91.930000
73.310000
34.330000
0.080000
81.320000
81.440000
89.020000
4.660000
4.630000
15.020000
95.020000
98.200000
98.000000
68.250000
63.590000
96.500000
49.070000
50.400000
90.300000
94.300000
96.500000
95.100000
95.800000
94.800000
80.890000
96.600000
97.600000
98.500000
51.440000
86.460000
5.400000
0.000000
0.000000
0.010000
50.700000
96.500000
97.800000
98.500000
94.500000
93.200000
95.100000
98.800000
97.500000
24.730000
0.030000
21.070000
33.950000
0.030000
15.260000
1.410000
0.060000
0.000000
0.000000
59.000000
98.200000
96.800000
98.400000
97.100000
98.200000
96.600000
87.020000
97.900000
85.570000
74.660000
92.320000
79.640000
94.600000
93.700000
83.120000
97.300000
15.300000
0.100000
0.000000
2.260000
0.000000
11.700000
96.700000
94.600000
93.400000
99.600000
94.600000
98.000000
42.740000
0.010000
81.720000
65.080000
0.100000
1.100000
91.000000
97.500000
97.500000
93.210000
92.200000
97.300000
86.340000
96.700000
97.000000
98.400000
95.000000
96.400000
96.100000
90.700000
97.100000
96.500000
89.410000
97.700000
97.200000
98.400000
94.900000
97.000000
98.200000
98.100000
98.300000
53.090000
0.000000
91.610000
95.100000
99.400000
96.800000
97.200000
97.600000
90.230000
95.300000
98.800000
98.900000
92.600000
98.000000
98.700000
85.020000
80.560000
90.200000
99.200000
95.600000
75.480000
78.120000
83.010000
97.300000
97.600000
96.900000
95.100000
2.030000
0.010000
88.550000
84.040000
97.200000
96.300000
93.700000
98.400000
74.060000
0.030000
45.500000
22.260000
0.250000
27.120000
8.820000
91.630000
98.000000
95.600000
95.000000
67.750000
97.700000
30.800000
0.040000
87.220000
98.500000
93.000000
98.200000
98.400000
78.880000
0.000000
3.000000
33.140000
97.200000
97.300000
96.200000
98.400000
88.130000
94.200000
61.510000
96.400000
97.600000
95.100000
91.110000
90.400000
98.100000
99.400000
94.000000
94.400000
88.460000
98.500000
98.700000
98.500000
98.400000
96.500000
18.830000
0.070000
1.380000
0.500000
74.540000
95.500000
95.800000
96.800000
84.020000
0.060000
36.800000
98.000000
97.600000
96.600000
48.150000
0.120000
0.000000
0.000000
11.270000
0.000000
62.140000
74.100000
97.700000
95.400000
92.310000
93.300000
96.900000
96.200000
98.300000
97.300000
97.900000
93.700000
95.900000
97.600000
97.100000
94.600000
99.100000
97.200000
97.400000
96.500000
47.620000
0.000000
77.730000
98.000000
94.300000
91.800000
59.000000
98.200000
91.200000
97.500000
96.800000
96.600000
87.540000
95.700000
95.800000
90.230000
69.010000
86.550000
97.200000
99.100000
92.800000
97.000000
9.850000
93.100000
93.100000
94.100000
97.900000
72.850000
0.000000
0.060000
2.160000
7.000000
25.570000
0.000000
25.700000
98.100000
86.970000
66.340000
98.300000
98.100000
93.000000
96.300000
98.000000
98.800000
95.000000
95.700000
96.900000
91.900000
22.740000
97.900000
25.230000
45.430000
98.300000
93.320000
54.180000
8.370000
96.600000
97.400000
96.900000
97.200000
92.800000
85.270000
22.580000
72.880000
97.100000
96.100000
94.630000
0.070000
0.000000
30.180000
97.800000
88.220000
96.700000
98.400000
96.900000
93.900000
93.900000
98.500000
90.210000
98.200000
94.300000
95.400000
98.900000
98.600000
96.600000
74.650000
97.400000
58.350000
1.200000
0.080000
88.640000
97.600000
94.400000
98.400000
70.280000
96.800000
95.900000
43.900000
97.300000
92.900000
98.500000
93.710000
96.600000
95.700000
99.000000
98.200000
98.300000
95.800000
91.510000
96.500000
98.000000
85.460000
97.900000
97.400000
81.810000
89.700000
98.700000
95.300000
98.000000
98.400000
97.800000
97.200000
98.800000
46.610000
73.130000
93.800000
98.000000
96.000000
95.500000
98.500000
98.500000
98.600000
96.100000
94.800000
98.600000
96.800000
96.100000
96.500000
98.500000
98.600000
98.600000
98.100000
90.810000
95.800000
81.550000
97.700000
85.350000
97.500000
74.430000
24.490000
96.300000
97.000000
86.360000
51.620000
96.100000
96.300000
17.320000
60.010000
90.800000
97.200000
88.240000
97.200000
96.900000
94.300000
98.000000
98.200000
97.600000
94.700000
83.630000
50.390000
71.530000
97.200000
76.710000
96.100000
97.700000
98.100000
92.500000
14.360000
93.000000
95.300000
11.140000
58.170000
54.380000
0.300000
0.170000
81.060000
99.000000
97.300000
92.500000
96.900000
97.400000
98.300000
98.600000
54.580000
43.060000
95.600000
85.030000
92.100000
99.400000
90.500000
95.100000
95.500000
98.100000
93.900000
94.810000
6.370000
0.000000
9.480000
96.000000
97.500000
96.800000
96.100000
95.800000
91.110000
97.900000
91.800000
96.000000
98.800000
93.700000
98.900000
98.400000
96.500000
97.800000
89.020000
93.700000
96.100000
98.200000
93.910000
0.360000
0.000000
1.050000
1.000000
53.190000
80.320000
43.620000
86.480000
97.600000
51.030000
46.820000
97.200000
98.200000
98.600000
96.200000
33.430000
96.300000
96.600000
47.790000
0.150000
82.770000
95.600000
96.000000
93.900000
93.600000
96.500000
97.900000
96.600000
84.240000
96.300000
95.500000
94.300000
96.400000
94.500000
97.500000
97.300000
95.100000
96.200000
97.500000
58.020000
0.010000
46.420000
98.800000
94.620000
98.800000
92.410000
53.240000
8.180000
97.800000
96.600000
98.800000
96.100000
92.710000
97.800000
82.660000
98.300000
88.170000
0.160000
0.110000
96.500000
97.500000
95.300000
24.180000
0.000000
38.700000
96.500000
82.370000
4.840000
60.760000
92.120000
89.810000
93.500000
97.400000
95.900000
97.000000
77.620000
94.300000
91.900000
96.400000
88.150000
98.500000
86.330000
97.600000
97.100000
67.280000
0.170000
40.210000
93.300000
98.100000
97.700000
87.550000
36.040000
0.260000
0.010000
80.430000
98.000000
88.920000
82.210000
0.020000
66.680000
94.900000
94.100000
90.710000
97.000000
95.300000
94.400000
94.700000
97.600000
97.700000
93.700000
95.900000
87.210000
53.590000
65.570000
95.900000
97.700000
94.300000
88.300000
95.100000
64.930000
1.220000
87.900000
97.300000
98.900000
96.100000
97.500000
55.910000
98.000000
94.600000
90.800000
98.600000
97.700000
96.700000
85.230000
97.700000
96.700000
58.570000
97.800000
95.600000
65.990000
83.180000
95.600000
73.690000
76.950000
0.000000
1.570000
42.430000
97.500000
97.600000
91.530000
18.530000
97.800000
96.800000
96.800000
98.400000
84.390000
16.180000
95.600000
76.050000
35.080000
92.210000
91.900000
92.200000
95.200000
93.720000
90.800000
88.330000
78.670000
97.700000
38.770000
70.570000
97.400000
87.610000
95.700000
96.900000
96.500000
83.600000
92.100000
13.650000
0.000000
0.000000
0.000000
33.480000
92.900000
92.500000
96.900000
98.900000
96.300000
97.500000
2.670000
0.000000
53.460000
39.730000
92.120000
95.000000
98.200000
96.700000
66.140000
7.170000
1.730000
0.190000
85.660000
96.000000
95.400000
91.000000
95.800000
96.900000
90.210000
95.400000
98.400000
87.640000
86.760000
98.100000
37.460000
0.000000
7.320000
2.480000
91.220000
32.750000
44.100000
97.100000
98.700000
83.350000
98.200000
96.500000
46.160000
1.220000
96.700000
96.900000
97.700000
95.400000
92.200000
97.100000
97.500000
98.700000
97.800000
97.300000
98.600000
92.810000
98.300000
98.500000
96.600000
92.010000
98.400000
97.600000
72.540000
97.300000
98.100000
96.000000
92.140000
0.110000
52.850000
98.000000
39.250000
0.000000
0.000000
0.260000
0.000000
53.840000
99.300000
56.800000
0.360000
27.900000
91.600000
97.900000
94.900000
96.800000
98.600000
98.300000
98.500000
27.210000
46.190000
98.800000
97.700000
99.400000
96.600000
17.390000
0.000000
38.520000
98.200000
69.650000
97.400000
97.100000
98.000000
98.900000
74.770000
94.500000
39.500000
36.100000
97.900000
96.600000
89.640000
69.300000
77.930000
25.440000
69.450000
91.410000
87.010000
61.450000
95.700000
98.700000
98.900000
95.100000
98.000000
95.010000
0.030000
26.830000
96.800000
94.700000
97.400000
98.300000
98.700000
98.100000
96.700000
98.000000
97.100000
97.700000
98.900000
96.500000
86.920000
97.200000
93.800000
95.400000
51.330000
0.110000
34.030000
95.500000
96.100000
94.700000
98.400000
98.500000
37.000000
37.210000
96.200000
89.540000
95.300000
95.900000
97.000000
97.100000
1.740000
0.200000
1.000000
0.000000
0.000000
0.170000
37.500000
96.600000
81.080000
0.150000
25.380000
99.000000
92.800000
99.000000
97.300000
91.500000
89.400000
93.200000
89.000000
98.800000
97.100000
90.400000
88.030000
86.130000
96.700000
90.050000
6.150000
95.300000
96.300000
98.100000
60.120000
0.010000
0.000000
0.000000
0.000000
0.000000
73.710000
92.900000
96.400000
98.100000
72.010000
57.190000
98.300000
97.000000
97.000000
95.200000
97.900000
92.800000
86.250000
96.900000
28.380000
0.040000
27.340000
97.400000
97.700000
95.600000
98.100000
84.440000
98.700000
97.200000
43.460000
32.500000
98.400000
97.300000
98.800000
96.300000
66.210000
56.610000
86.330000
98.400000
81.210000
82.630000
94.300000
49.340000
98.600000
43.480000
89.400000
91.600000
98.900000
98.500000
98.700000
96.500000
98.200000
95.900000
98.500000
96.400000
78.310000
98.100000
95.200000
98.700000
98.300000
27.930000
41.270000
3.540000
1.830000
73.360000
96.800000
98.700000
9.090000
1.830000
89.000000
97.300000
95.400000
0.250000
2.130000
0.100000
36.420000
91.900000
66.670000
87.970000
95.700000
98.700000
96.000000
94.220000
26.600000
40.250000
0.000000
0.140000
0.000000
66.380000
95.800000
96.000000
97.500000
96.500000
93.600000
98.500000
85.590000
94.200000
95.600000
97.700000
98.100000
94.110000
92.500000
92.400000
92.600000
99.200000
97.900000
93.500000
99.300000
96.800000
95.800000
97.800000
97.400000
78.730000
97.400000
97.000000
88.200000
98.300000
95.100000
97.400000
99.200000
98.600000
98.100000
97.600000
97.400000
99.100000
97.000000
47.960000
1.340000
95.500000
98.900000
88.630000
98.900000
81.360000
94.210000
97.700000
98.500000
94.400000
98.000000
96.400000
97.200000
97.700000
25.420000
0.350000
0.240000
94.600000
98.400000
94.000000
96.300000
95.100000
92.100000
97.900000
97.700000
95.500000
97.900000
95.700000
94.800000
98.800000
98.100000
96.200000
98.200000
99.000000
91.700000
50.360000
33.500000
95.800000
97.500000
93.500000
69.500000
27.600000
97.300000
91.620000
93.200000
48.280000
14.650000
96.100000
97.200000
92.700000
96.600000
93.900000
93.800000
96.900000
98.600000
98.200000
78.570000
0.080000
0.000000
1.030000
0.510000
85.040000
97.900000
96.900000
96.100000
97.300000
87.110000
94.700000
96.200000
95.100000
97.600000
60.960000
43.360000
90.300000
98.200000
98.600000
74.100000
87.330000
98.500000
97.900000
96.500000
97.700000
97.500000
93.100000
97.000000
99.000000
97.400000
98.300000
98.000000
45.550000
82.120000
97.700000
86.000000
18.360000
92.110000
31.460000
0.000000
0.000000
38.430000
92.600000
98.600000
98.200000
96.800000
71.640000
97.700000
96.800000
98.400000
97.900000
98.500000
96.900000
98.200000
97.100000
83.120000
82.680000
97.800000
97.400000
94.700000
98.000000
97.500000
97.300000
98.600000
95.800000
97.300000
7.720000
1.880000
94.700000
95.600000
97.900000
91.720000
93.900000
97.000000
96.100000
95.600000
98.600000
94.530000
70.300000
96.900000
95.600000
70.820000
97.300000
95.300000
99.100000
97.500000
93.800000
90.010000
94.100000
94.300000
94.610000
95.500000
95.500000
98.300000
98.900000
97.000000
97.900000
95.700000
98.600000
98.100000
96.700000
94.200000
94.000000
98.200000
99.300000
43.600000
0.000000
0.000000
8.740000
0.000000
71.270000
72.430000
83.270000
95.700000
98.100000
96.200000
99.000000
96.700000
69.080000
49.250000
14.300000
0.010000
33.410000
94.300000
97.300000
97.400000
98.300000
93.700000
95.600000
69.420000
96.500000
66.130000
95.700000
96.200000
84.540000
95.100000
97.300000
98.600000
96.100000
91.310000
98.700000
91.020000
97.100000
83.700000
95.500000
79.460000
92.600000
97.400000
97.300000
83.220000
96.800000
69.820000
98.100000
97.400000
85.190000
97.600000
98.600000
15.590000
23.770000
94.700000
96.400000
90.910000
97.200000
91.900000
87.840000
97.000000
97.500000
97.000000
92.300000
94.200000
95.300000
97.700000
96.300000
98.300000
96.900000
96.900000
96.000000
97.500000
97.200000
98.400000
96.500000
94.500000
94.700000
96.800000
98.100000
96.700000
96.900000
88.920000
95.200000
95.900000
98.800000
84.940000
98.300000
97.600000
98.500000
98.300000
91.100000
98.700000
97.500000
97.900000
95.800000
97.300000
98.600000
96.100000
97.200000
97.000000
97.600000
96.800000
17.130000
1.160000
87.910000
95.200000
98.400000
98.200000
94.300000
82.690000
98.900000
97.600000
97.300000
94.600000
91.210000
75.310000
95.300000
94.310000
95.600000
86.830000
1.220000
0.120000
0.060000
0.000000
35.920000
95.400000
94.900000
92.500000
87.310000
88.350000
94.900000
97.100000
98.200000
91.500000
91.930000
96.600000
96.700000
89.830000
99.100000
89.610000
0.810000
50.640000
77.260000
96.500000
96.900000
94.700000
96.100000
31.160000
19.150000
98.900000
98.100000
95.200000
94.900000
89.110000
23.160000
97.100000
41.920000
0.670000
20.510000
91.000000
92.700000
97.400000
95.900000
96.800000
98.800000
97.000000
97.000000
94.700000
97.300000
9.130000
97.400000
95.200000
92.900000
97.400000
97.100000
92.500000
96.900000
80.480000
26.880000
9.050000
0.050000
55.160000
98.500000
98.300000
96.600000
98.700000
6.090000
37.830000
93.000000
97.600000
96.700000
98.100000
92.000000
93.610000
98.300000
97.500000
26.460000
0.140000
65.690000
97.700000
97.900000
96.500000
98.400000
97.300000
96.200000
98.900000
96.800000
96.400000
96.000000
83.140000
98.000000
73.020000
97.400000
97.300000
98.400000
94.700000
94.100000
73.230000
20.870000
97.300000
95.400000
95.800000
97.800000
96.000000
10.090000
22.230000
59.020000
98.000000
67.910000
35.730000
91.710000
94.000000
50.600000
0.030000
0.000000
74.940000
97.200000
80.440000
96.700000
96.600000
96.300000
97.500000
98.100000
97.600000
89.820000
96.100000
38.900000
2.150000
0.040000
24.740000
97.900000
98.600000
92.300000
94.300000
96.400000
92.200000
94.600000
62.040000
0.200000
14.040000
94.200000
95.300000
72.820000
99.100000
84.390000
79.050000
98.200000
89.940000
97.700000
96.700000
88.900000
98.500000
98.200000
96.800000
89.600000
96.600000
95.400000
63.760000
41.620000
97.500000
97.700000
95.900000
96.500000
98.300000
98.300000
94.600000
87.820000
96.800000
99.000000
96.000000
99.000000
98.400000
96.700000
94.500000
37.120000
17.940000
98.300000
96.500000
4.190000
30.040000
8.300000
0.010000
67.400000
37.250000
97.400000
97.900000
95.300000
81.310000
97.500000
97.300000
96.500000
97.600000
97.300000
10.900000
59.010000
43.160000
0.170000
0.640000
0.160000
40.050000
0.000000
0.240000
0.020000
81.420000
91.100000
94.700000
97.400000
40.180000
95.100000
94.500000
89.020000
94.900000
86.200000
96.900000
98.500000
92.900000
97.900000
97.400000
92.200000
98.200000
53.580000
98.600000
94.100000
80.740000
97.000000
97.700000
98.200000
95.800000
97.600000
97.000000
97.000000
98.100000
96.300000
97.500000
96.500000
95.700000
98.600000
87.440000
94.100000
96.300000
97.200000
96.800000
49.000000
71.700000
96.100000
97.100000
94.100000
97.200000
91.200000
90.620000
84.920000
97.600000
79.130000
84.310000
34.900000
96.600000
75.010000
95.200000
88.110000
30.900000
88.510000
98.200000
97.500000
97.600000
95.200000
95.500000
98.300000
97.600000
93.800000
98.500000
64.080000
76.400000
94.900000
57.330000
40.490000
93.700000
92.000000
41.290000
98.500000
85.850000
7.230000
97.100000
97.600000
97.200000
94.210000
97.700000
94.300000
97.200000
94.910000
0.370000
69.810000
93.800000
91.300000
92.900000
98.800000
96.900000
90.410000
95.300000
92.900000
77.570000
53.950000
1.600000
73.560000
96.800000
92.900000
85.770000
95.300000
97.800000
97.400000
98.100000
98.300000
97.400000
74.980000
94.100000
94.310000
95.400000
96.700000
94.400000
73.710000
96.600000
95.200000
95.900000
97.600000
55.070000
19.860000
97.400000
97.100000
96.600000
95.800000
52.670000
11.770000
97.300000
25.310000
0.000000
0.000000
0.000000
10.740000
52.100000
28.830000
95.000000
96.500000
96.600000
96.300000
73.650000
97.100000
98.000000
98.400000
98.900000
15.110000
0.190000
88.950000
94.700000
96.900000
95.100000
95.500000
97.800000
98.000000
96.700000
96.700000
91.310000
78.850000
92.010000
97.400000
91.700000
98.800000
98.600000
98.000000
90.610000
98.300000
96.900000
98.100000
98.300000
98.400000
53.220000
0.300000
68.260000
91.630000
50.020000
98.600000
97.800000
97.800000
98.100000
97.000000
90.620000
97.500000
98.600000
95.500000
43.610000
69.300000
97.900000
97.700000
97.800000
97.200000
97.900000
94.800000
75.430000
16.170000
83.800000
95.100000
96.500000
76.910000
95.400000
87.970000
97.500000
91.120000
82.830000
0.210000
95.520000
97.300000
97.500000
97.200000
85.450000
97.500000
93.900000
73.210000
97.300000
97.300000
97.600000
94.900000
98.400000
95.800000
92.400000
87.240000
98.400000
30.050000
99.000000
97.300000
96.500000
96.800000
97.600000
74.200000
95.900000
57.810000
98.700000
98.000000
97.900000
97.300000
95.400000
98.300000
96.900000
94.200000
96.700000
93.520000
73.430000
95.700000
98.800000
52.200000
70.370000
98.300000
98.700000
97.100000
98.000000
98.600000
80.580000
13.120000
99.300000
97.500000
98.200000
96.900000
90.520000
97.100000
92.700000
97.200000
97.100000
95.500000
95.800000
89.830000
96.200000
89.510000
96.900000
90.300000
11.110000
38.320000
88.720000
85.170000
81.300000
97.800000
92.300000
96.900000
94.700000
93.910000
10.950000
96.700000
95.700000
51.750000
56.310000
47.900000
1.420000
96.500000
96.300000
94.500000
92.200000
85.060000
66.490000
91.700000
97.700000
96.900000
98.800000
97.700000
98.500000
96.300000
98.000000
98.200000
95.900000
98.100000
93.000000
96.900000
85.570000
84.400000
98.000000
98.300000
96.900000
97.400000
99.400000
98.200000
94.800000
94.800000
71.980000
95.400000
96.500000
86.640000
98.100000
98.200000
97.200000
95.100000
97.700000
88.700000
96.500000
92.900000
98.200000
99.500000
95.200000
96.300000
49.650000
0.110000
77.910000
95.500000
97.300000
98.700000
96.200000
94.500000
96.200000
92.100000
96.400000
97.600000
78.700000
62.370000
59.030000
92.600000
95.400000
93.300000
47.330000
99.100000
69.980000
98.900000
99.500000
97.900000
96.400000
92.600000
98.800000
97.300000
94.600000
98.100000
92.500000
79.320000
95.500000
96.600000
90.010000
96.900000
94.500000
90.300000
92.900000
96.300000
95.600000
97.600000
95.400000
97.900000
92.800000
75.640000
92.610000
88.630000
97.300000
96.500000
94.100000
98.500000
95.400000
98.100000
97.900000
96.400000
96.100000
96.200000
98.100000
90.500000
95.800000
92.400000
93.900000
96.600000
95.700000
98.100000
46.680000
95.300000
92.100000
97.500000
94.800000
98.000000
95.800000
79.830000
84.540000
97.900000
98.200000
69.600000
97.800000
98.600000
98.900000
94.400000
98.400000
61.260000
95.900000
92.900000
98.700000
98.800000
91.100000
96.200000
96.600000
95.200000
91.720000
96.700000
97.700000
97.600000
83.410000
97.600000
96.600000
14.700000
0.060000
32.730000
96.400000
99.000000
97.000000
45.210000
35.220000
97.900000
17.000000
12.460000
95.400000
96.400000
71.180000
60.800000
97.800000
97.700000
96.900000
98.100000
78.340000
94.210000
89.610000
52.390000
94.300000
90.620000
87.330000
98.400000
93.800000
95.100000
97.800000
98.500000
95.500000
88.840000
96.500000
97.200000
76.300000
0.250000
0.010000
0.050000
3.140000
0.000000
23.960000
97.700000
81.890000
96.800000
93.300000
7.850000
92.310000
98.400000
98.200000
97.400000
95.000000
92.310000
94.000000
95.800000
96.800000
98.500000
96.800000
97.800000
96.100000
80.030000
86.000000
97.600000
96.900000
45.750000
96.800000
97.500000
95.400000
97.400000
95.600000
89.120000
37.070000
0.000000
30.850000
97.400000
97.300000
98.900000
96.900000
95.600000
93.800000
87.700000
96.800000
98.400000
84.950000
98.500000
93.010000
97.900000
96.900000
94.200000
89.750000
90.920000
0.450000
38.920000
93.400000
93.500000
94.200000
97.500000
71.710000
0.010000
76.510000
98.900000
96.800000
97.500000
99.100000
98.200000
97.900000
97.200000
95.700000
96.300000
97.100000
98.000000
93.330000
95.400000
95.600000
85.200000
33.880000
0.040000
78.700000
91.360000
0.190000
1.000000
0.370000
0.620000
81.990000
94.500000
93.810000
93.400000
98.400000
98.800000
99.300000
96.100000
98.100000
95.000000
94.600000
95.900000
59.420000
83.290000
91.810000
94.400000
93.600000
89.510000
96.200000
97.300000
97.300000
95.700000
87.070000
98.700000
96.400000
95.400000
95.100000
97.900000
98.100000
45.250000
62.300000
98.000000
97.400000
66.180000
96.800000
96.410000
95.700000
93.800000
94.600000
48.490000
72.390000
2.760000
98.500000
98.800000
98.000000
93.000000
92.000000
98.300000
89.950000
92.900000
88.810000
98.200000
95.500000
98.300000
96.900000
63.460000
94.200000
8.180000
48.680000
97.700000
91.100000
97.700000
95.500000
72.600000
97.700000
99.200000
96.400000
97.000000
76.440000
25.990000
95.500000
98.500000
97.400000
97.500000
90.500000
97.900000
91.060000
1.230000
55.310000
0.030000
0.000000
0.000000
19.400000
55.700000
97.200000
16.650000
57.980000
97.900000
82.490000
74.800000
97.800000
98.400000
97.600000
93.000000
99.200000
90.300000
97.300000
98.000000
98.500000
92.800000
71.290000
0.080000
0.130000
79.580000
89.300000
96.700000
98.600000
31.320000
99.400000
39.300000
11.500000
98.900000
98.000000
99.100000
99.500000
95.800000
98.000000
44.020000
0.000000
0.000000
0.000000
0.000000
0.000000
0.000000
0.000000
0.000000
62.510000
98.000000
98.700000
97.700000
97.300000
85.830000
98.000000
98.200000
94.100000
98.700000
84.960000
96.400000
97.200000
91.150000
0.410000
65.020000
94.320000
97.500000
83.870000
96.800000
97.600000
27.450000
54.830000
98.500000
98.200000
99.100000
41.370000
74.120000
92.000000
99.000000
98.100000
93.210000
98.000000
83.050000
95.500000
49.630000
0.060000
49.690000
96.000000
98.000000
79.690000
1.570000
48.560000
85.490000
98.000000
97.500000
98.800000
98.700000
97.600000
88.050000
95.200000
96.300000
1.490000
90.720000
94.400000
98.400000
92.200000
97.300000
92.220000
96.500000
94.700000
92.600000
97.100000
97.100000
97.100000
97.400000
91.820000
81.240000
74.660000
11.150000
93.300000
96.400000
98.100000
97.400000
71.640000
45.330000
96.000000
88.120000
98.100000
98.200000
94.500000
98.300000
98.000000
90.800000
92.400000
97.100000
98.500000
98.400000
98.000000
98.400000
96.200000
50.680000
59.810000
96.500000
98.500000
84.880000
26.720000
96.900000
90.530000
96.300000
97.300000
97.300000
96.000000
30.000000
0.000000
0.320000
10.330000
37.300000
97.400000
97.000000
97.300000
0.480000
16.440000
97.800000
95.800000
97.200000
4.180000
0.240000
33.110000
45.350000
0.000000
22.850000
76.940000
96.900000
96.300000
98.200000
98.800000
97.100000
97.900000
95.300000
98.400000
83.100000
95.600000
96.700000
98.700000
67.830000
84.470000
96.900000
97.100000
96.400000
94.400000
75.760000
96.100000
97.200000
84.720000
60.390000
92.800000
87.350000
89.540000
95.900000
3.530000
82.610000
69.510000
0.150000
69.610000
98.700000
90.600000
87.900000
98.200000
97.700000
96.600000
92.100000
81.590000
69.900000
27.130000
29.560000
98.500000
98.300000
94.700000
96.300000
94.410000
97.500000
95.700000
97.600000
56.700000
97.900000
13.020000
96.900000
98.000000
96.600000
96.800000
93.310000
97.600000
98.200000
97.300000
97.300000
97.900000
97.600000
53.060000
97.900000
98.200000
8.490000
76.040000
93.300000
95.200000
98.000000
82.040000
90.800000
96.600000
76.100000
73.580000
97.400000
97.600000
94.300000
77.510000
88.440000
97.700000
92.700000
98.000000
97.300000
94.700000
89.500000
92.800000
0.140000
46.700000
88.900000
98.500000
98.700000
80.200000
72.500000
93.800000
95.700000
83.490000
92.900000
94.010000
97.000000
90.730000
95.100000
96.300000
98.400000
97.800000
84.130000
98.700000
85.010000
93.900000
94.300000
24.910000
85.240000
97.000000
99.500000
96.500000
97.000000
98.800000
95.400000
77.980000
0.300000
20.990000
73.600000
0.040000
12.910000
95.700000
98.800000
97.100000
61.900000
73.860000
95.600000
91.600000
96.600000
99.100000
97.500000
82.570000
98.600000
88.270000
75.010000
27.660000
0.020000
78.540000
96.000000
98.500000
78.320000
98.400000
97.800000
97.400000
99.100000
99.300000
40.220000
1.260000
0.000000
76.490000
97.100000
98.600000
90.720000
12.070000
52.530000
93.700000
83.290000
93.400000
96.700000
98.100000
98.800000
22.670000
0.000000
0.000000
0.000000
0.060000
89.870000
97.600000
98.500000
60.370000
88.380000
57.600000
93.910000
97.900000
98.100000
96.500000
91.710000
68.130000
94.400000
23.020000
0.190000
0.000000
0.000000
58.320000
2.530000
0.080000
0.000000
0.000000
0.140000
0.000000
0.000000
26.500000
94.800000
89.320000
99.100000
92.600000
41.890000
98.600000
98.700000
93.000000
86.050000
0.150000
0.000000
0.060000
30.110000
92.240000
97.100000
52.240000
24.920000
90.500000
12.930000
0.030000
5.940000
88.060000
93.100000
98.300000
98.100000
93.140000
9.590000
97.100000
50.240000
39.750000
99.000000
51.970000
73.650000
96.700000
98.000000
96.700000
97.100000
97.000000
96.900000
52.610000
0.000000
0.040000
0.150000
39.710000
97.700000
94.200000
95.100000
80.350000
11.700000
3.880000
0.000000
68.250000
97.100000
98.300000
94.220000
90.400000
92.700000
97.200000
98.800000
96.300000
97.900000
67.850000
0.620000
59.030000
96.000000
75.200000
96.000000
81.140000
87.030000
91.400000
88.450000
0.170000
0.150000
1.080000
36.440000
97.700000
98.800000
96.400000
98.300000
98.300000
99.200000
95.000000
98.800000
98.400000
99.400000
95.900000
94.500000
88.900000
97.300000
93.000000
93.900000
98.300000
11.150000
0.180000
0.000000
49.630000
97.800000
95.400000
98.300000
96.200000
96.400000
85.630000
91.200000
96.500000
97.000000
97.100000
68.940000
44.680000
98.600000
17.160000
0.000000
0.000000
0.370000
81.080000
91.410000
92.800000
95.000000
32.900000
0.090000
37.360000
87.220000
98.900000
86.410000
59.680000
0.010000
45.400000
97.400000
88.900000
90.230000
98.600000
97.900000
14.860000
0.010000
89.430000
98.100000
94.110000
94.010000
97.300000
94.600000
98.800000
96.600000
97.500000
98.200000
97.700000
94.500000
81.120000
94.500000
95.800000
96.700000
83.580000
19.270000
92.530000
98.900000
67.520000
0.950000
0.000000
0.000000
75.100000
93.500000
56.590000
96.500000
96.200000
98.200000
98.500000
86.120000
13.790000
94.400000
98.200000
94.900000
96.500000
98.400000
95.600000
96.200000
32.030000
97.700000
31.660000
0.240000
62.820000
84.900000
99.000000
98.500000
97.500000
98.700000
98.900000
79.400000
96.300000
94.100000
87.510000
90.230000
96.300000
90.310000
97.900000
85.750000
89.810000
98.000000
97.200000
95.500000
98.200000
99.200000
93.020000
72.670000
97.400000
96.900000
96.500000
98.200000
92.600000
91.610000
97.700000
92.200000
97.700000
64.290000
0.210000
0.000000
0.050000
0.030000
28.860000
92.200000
92.620000
97.100000
98.100000
95.300000
99.200000
98.900000
97.400000
95.000000
81.730000
95.000000
96.400000
77.800000
83.600000
94.200000
97.500000
98.600000
97.600000
95.100000
97.500000
93.800000
94.500000
11.710000
2.100000
58.300000
70.590000
30.120000
97.600000
89.110000
90.400000
95.200000
95.200000
98.800000
70.610000
98.600000
71.620000
97.200000
97.200000
98.700000
97.200000
84.560000
76.880000
96.000000
92.800000
52.040000
0.590000
97.300000
91.150000
80.950000
96.700000
79.740000
96.000000
97.200000
97.500000
19.730000
3.500000
96.110000
98.300000
96.800000
51.140000
0.000000
10.130000
46.480000
25.320000
82.600000
55.310000
49.980000
75.000000
98.300000
96.700000
33.320000
54.970000
0.170000
72.050000
98.800000
98.800000
95.700000
96.200000
98.600000
97.800000
50.660000
29.400000
97.600000
95.200000
97.500000
96.900000
98.500000
44.340000
0.030000
1.340000
0.000000
83.200000
97.800000
97.300000
86.090000
78.680000
89.650000
97.500000
98.500000
98.300000
93.900000
94.000000
95.800000
98.700000
84.330000
98.600000
95.300000
80.450000
94.610000
96.600000
96.600000
97.500000
96.500000
98.600000
96.800000
98.700000
97.700000
94.410000
77.180000
0.050000
37.100000
96.600000
97.600000
40.080000
0.000000
0.000000
31.420000
74.370000
22.110000
96.300000
95.800000
95.600000
92.210000
97.800000
92.120000
97.800000
72.730000
89.630000
96.800000
98.000000
38.920000
97.500000
96.100000
94.800000
85.650000
96.800000
98.100000
97.500000
90.030000
97.300000
94.100000
69.650000
88.440000
99.100000
89.630000
98.200000
98.700000
98.500000
98.000000
98.300000
99.400000
96.700000
72.790000
97.200000
61.160000
98.300000
70.950000
76.800000
95.700000
91.700000
99.000000
95.300000
93.300000
95.900000
92.600000
98.400000
18.860000
0.000000
0.000000
0.020000
0.080000
84.340000
97.300000
98.200000
92.510000
96.700000
47.820000
14.090000
69.050000
93.000000
96.800000
83.230000
92.110000
98.700000
98.200000
98.100000
95.300000
82.130000
99.100000
40.480000
66.360000
97.300000
96.300000
96.000000
98.900000
96.200000
96.600000
96.500000
95.800000
97.700000
86.720000
51.140000
77.640000
74.720000
61.160000
0.000000
88.900000
72.130000
0.010000
83.810000
97.500000
96.200000
97.500000
95.300000
96.900000
95.100000
96.800000
97.100000
48.270000
0.150000
31.780000
98.500000
98.000000
32.860000
0.000000
0.000000
91.810000
96.000000
97.300000
70.530000
94.900000
73.700000
35.920000
95.400000
82.470000
97.600000
97.900000
95.600000
95.000000
79.420000
99.500000
96.400000
96.000000
95.800000
98.200000
98.400000
97.100000
97.500000
93.210000
19.570000
85.800000
7.190000
0.150000
61.350000
78.260000
92.910000
97.200000
91.900000
97.900000
90.600000
97.700000
99.100000
4.950000
0.000000
0.090000
11.840000
95.800000
98.800000
98.500000
53.320000
8.630000
7.110000
98.000000
96.400000
89.700000
97.800000
95.100000
39.520000
66.920000
96.300000
97.400000
96.800000
98.100000
95.700000
53.260000
0.160000
0.000000
0.000000
75.680000
76.850000
97.600000
97.300000
95.000000
80.960000
84.090000
89.330000
94.300000
97.100000
98.200000
93.300000
94.810000
92.720000
97.200000
97.500000
32.480000
80.200000
96.600000
98.600000
14.650000
9.500000
69.450000
97.200000
97.900000
95.800000
90.000000
95.300000
97.500000
98.400000
93.310000
92.010000
87.260000
72.060000
84.970000
96.700000
74.450000
4.740000
94.700000
44.400000
7.090000
25.850000
96.800000
90.510000
98.200000
52.350000
0.000000
69.340000
90.700000
97.900000
92.000000
97.100000
94.600000
98.300000
95.900000
97.500000
97.800000
94.100000
98.500000
99.000000
95.900000
41.980000
0.030000
57.800000
98.100000
98.500000
97.400000
91.900000
61.740000
0.020000
90.100000
98.700000
97.900000
95.300000
81.470000
93.400000
99.500000
98.100000
82.150000
96.500000
99.000000
65.510000
0.150000
9.100000
64.480000
41.590000
0.010000
0.010000
0.000000
0.000000
1.070000
0.000000
27.050000
1.390000
0.000000
62.050000
95.300000
96.800000
90.930000
97.500000
91.800000
96.700000
98.400000
98.500000
95.600000
97.700000
85.600000
91.550000
66.960000
1.300000
7.350000
0.000000
63.540000
77.690000
0.030000
82.620000
20.650000
0.270000
2.360000
7.420000
91.350000
96.800000
5.940000
41.950000
97.900000
70.530000
87.320000
78.510000
10.810000
80.910000
98.300000
96.200000
92.730000
84.680000
83.660000
97.600000
98.100000
97.200000
98.200000
95.800000
97.000000
98.200000
97.800000
94.500000
99.100000
95.500000
89.410000
95.110000
98.600000
92.800000
99.100000
95.100000
32.080000
97.300000
97.000000
65.810000
98.800000
97.100000
93.100000
95.000000
93.900000
96.900000
98.500000
98.000000
37.800000
3.220000
89.500000
98.000000
98.800000
95.100000
96.600000
96.000000
97.800000
98.900000
91.200000
96.100000
98.200000
92.410000
97.000000
98.200000
97.000000
96.000000
97.400000
96.800000
97.300000
98.300000
92.300000
96.700000
95.200000
94.900000
99.500000
92.850000
0.280000
1.740000
0.520000
95.200000
89.300000
98.600000
88.600000
88.700000
96.300000
97.600000
97.300000
93.110000
64.510000
99.100000
98.600000
13.410000
36.700000
99.300000
97.700000
97.800000
89.200000
61.810000
0.000000
0.190000
0.000000
0.320000
79.480000
97.800000
98.000000
98.000000
90.200000
38.210000
20.050000
98.600000
89.420000
90.150000
80.310000
96.300000
46.100000
29.300000
96.100000
96.800000
81.620000
98.400000
97.900000
98.200000
98.300000
98.400000
97.200000
95.800000
96.400000
98.500000
98.600000
91.600000
98.600000
97.200000
98.400000
95.200000
95.600000
0.210000
0.000000
0.000000
34.310000
62.880000
0.000000
0.000000
0.110000
0.000000
2.920000
91.920000
96.600000
94.400000
98.100000
93.400000
99.200000
98.300000
98.500000
97.000000
95.000000
98.100000
81.590000
98.500000
98.100000
96.400000
0.570000
0.000000
0.000000
0.000000
23.670000
94.000000
96.700000
95.400000
98.500000
90.960000
0.370000
90.560000
98.500000
98.300000
97.900000
97.900000
26.860000
80.960000
95.900000
98.000000
97.200000
92.700000
72.890000
82.780000
95.000000
96.800000
98.800000
98.500000
20.020000
0.050000
0.010000
23.370000
36.260000
0.000000
87.430000
54.230000
18.120000
54.430000
11.610000
0.160000
92.040000
17.020000
80.140000
99.500000
47.170000
81.310000
93.500000
68.340000
91.520000
95.400000
73.560000
86.940000
85.380000
59.380000
91.700000
83.160000
44.170000
95.700000
97.000000
96.900000
96.800000
96.300000
97.000000
93.210000
44.640000
98.400000
96.100000
96.700000
97.100000
97.700000
96.400000
87.330000
16.680000
0.000000
0.530000
2.300000
44.980000
96.800000
98.000000
89.000000
98.600000
97.300000
95.900000
90.620000
0.190000
4.460000
0.000000
0.000000
6.560000
86.960000
96.600000
5.080000
41.690000
90.010000
93.200000
92.800000
89.530000
79.120000
93.200000
96.400000
58.320000
19.980000
97.000000
8.290000
0.000000
72.600000
95.600000
96.700000
96.300000
3.090000
0.000000
0.000000
0.000000
21.510000
96.800000
99.300000
29.860000
2.000000
0.000000
29.490000
96.800000
97.600000
97.500000
96.300000
98.900000
88.820000
93.500000
92.000000
53.030000
0.000000
2.470000
28.730000
30.090000
68.150000
58.520000
0.000000
0.010000
50.600000
98.600000
83.710000
95.900000
97.100000
98.200000
90.310000
96.000000
97.200000
30.110000
0.400000
0.000000
0.000000
81.510000
96.000000
97.800000
78.320000
0.140000
64.000000
88.830000
96.000000
96.100000
28.530000
33.720000
75.320000
82.170000
93.520000
92.110000
89.180000
8.590000
54.470000
97.500000
29.230000
98.800000
27.200000
0.200000
88.760000
97.800000
96.600000
97.100000
65.630000
0.430000
0.310000
5.800000
91.510000
81.500000
24.230000
88.510000
95.900000
50.000000
2.540000
67.600000
66.650000
97.000000
92.500000
73.400000
97.900000
82.910000
0.090000
0.000000
0.010000
71.180000
74.220000
80.720000
98.000000
87.140000
92.900000
97.400000
97.800000
97.800000
96.000000
97.500000
94.400000
81.470000
97.400000
98.100000
96.000000
98.300000
98.600000
95.700000
76.520000
84.360000
81.780000
98.800000
91.510000
98.000000
98.000000
98.800000
98.200000
72.000000
80.570000
51.080000
94.400000
99.100000
97.000000
97.100000
95.700000
2.840000
0.050000
0.050000
0.000000
55.370000
97.700000
95.800000
92.300000
63.060000
0.400000
2.030000
51.770000
99.500000
94.400000
98.600000
97.600000
97.100000
97.900000
97.500000
47.390000
0.000000
0.000000
2.060000
0.000000
0.000000
74.150000
84.890000
96.500000
83.790000
97.900000
96.700000
56.490000
1.480000
0.050000
78.160000
98.700000
97.500000
96.800000
93.000000
96.700000
97.900000
96.900000
86.480000
0.810000
0.000000
16.800000
30.820000
0.220000
0.000000
41.410000
98.300000
94.100000
92.000000
65.930000
0.100000
0.060000
37.330000
98.600000
99.400000
20.750000
0.060000
38.130000
96.400000
40.400000
0.130000
40.730000
77.000000
98.600000
91.130000
7.780000
84.400000
65.540000
52.130000
20.600000
0.220000
80.660000
11.550000
60.610000
97.800000
95.300000
95.000000
63.700000
35.200000
97.600000
96.200000
98.200000
82.820000
98.500000
22.950000
8.790000
94.800000
91.400000
93.800000
96.600000
39.120000
0.000000
0.080000
74.980000
96.600000
97.900000
96.200000
91.200000
95.600000
97.600000
98.600000
90.710000
96.100000
97.300000
96.500000
96.300000
96.600000
98.700000
92.800000
97.800000
90.600000
92.700000
0.490000
61.970000
98.900000
97.400000
98.700000
98.900000
97.700000
87.540000
90.030000
90.300000
96.900000
98.500000
98.100000
97.400000
93.400000
79.750000
94.710000
98.300000
95.400000
98.700000
96.400000
98.900000
98.500000
1.030000
92.830000
78.300000
85.240000
93.400000
97.600000
97.500000
94.000000
95.900000
94.300000
97.900000
92.300000
97.700000
96.700000
98.200000
97.500000
92.320000
18.820000
56.310000
79.610000
49.340000
57.040000
0.130000
92.110000
95.500000
85.170000
97.200000
98.400000
68.090000
42.150000
60.070000
0.130000
7.080000
96.600000
73.990000
1.630000
1.870000
0.000000
0.000000
41.600000
74.650000
72.640000
93.310000
96.900000
97.000000
90.340000
0.470000
8.430000
0.310000
0.220000
0.210000
1.130000
27.910000
90.000000
98.300000
79.460000
13.720000
1.240000
94.700000
95.800000
84.030000
96.200000
97.800000
98.700000
93.800000
97.900000
98.500000
98.200000
97.800000
98.700000
26.030000
92.140000
97.900000
97.600000
93.040000
84.660000
98.000000
91.520000
89.700000
98.700000
98.900000
57.610000
98.300000
68.040000
96.900000
98.700000
90.700000
97.000000
79.720000
97.500000
96.100000
87.850000
50.310000
1.000000
1.210000
97.900000
95.600000
94.700000
82.760000
98.500000
94.000000
91.600000
97.000000
99.500000
76.480000
78.420000
96.900000
99.500000
96.400000
98.500000
96.400000
95.700000
83.620000
97.400000
82.100000
42.730000
2.880000
49.360000
97.600000
98.700000
96.500000
94.200000
83.720000
97.600000
98.200000
96.600000
59.110000
0.060000
0.000000
67.220000
85.010000
81.910000
93.600000
39.110000
85.300000
94.000000
96.900000
98.000000
96.500000
97.400000
97.300000
94.400000
84.510000
97.700000
95.300000
98.300000
98.900000
97.100000
97.900000
96.300000
92.700000
97.100000
87.720000
88.440000
98.100000
97.600000
96.000000
98.800000
97.700000
44.070000
56.850000
95.900000
96.000000
97.900000
98.800000
98.500000
94.000000
96.900000
97.600000
84.330000
78.350000
95.600000
98.500000
95.000000
96.800000
96.000000
50.000000
0.070000
75.870000
95.900000
88.510000
55.450000
0.200000
34.840000
95.100000
98.600000
91.200000
98.100000
92.500000
95.100000
97.800000
91.500000
96.800000
98.400000
90.520000
80.520000
95.600000
99.000000
84.830000
97.300000
96.100000
96.700000
88.360000
96.500000
50.260000
89.500000
85.330000
84.940000
98.600000
96.300000
97.500000
96.900000
97.900000
98.000000
87.020000
95.400000
90.510000
95.300000
97.400000
29.180000
0.090000
70.780000
92.700000
94.200000
98.100000
48.380000
25.460000
99.000000
95.800000
51.280000
0.000000
0.060000
0.230000
73.320000
94.300000
97.500000
96.100000
97.100000
96.800000
98.200000
97.200000
96.600000
94.600000
96.600000
99.200000
97.100000
98.500000
98.100000
83.060000
26.160000
0.120000
0.170000
50.520000
97.800000
96.000000
98.000000
93.500000
96.100000
65.770000
74.650000
97.600000
87.570000
95.700000
99.200000
87.540000
96.000000
97.300000
98.700000
96.700000
98.000000
98.500000
92.720000
97.800000
96.000000
97.600000
97.900000
52.290000
61.560000
98.100000
93.410000
75.330000
97.300000
96.100000
98.200000
93.710000
90.720000
71.890000
41.830000
98.900000
92.000000
98.300000
93.800000
97.200000
96.400000
93.030000
94.600000
54.010000
0.000000
16.330000
90.100000
97.200000
98.200000
90.910000
93.300000
95.800000
98.400000
97.300000
95.100000
94.300000
97.700000
95.800000
98.400000
87.470000
83.320000
95.900000
91.540000
0.090000
9.530000
95.700000
96.600000
96.600000
94.700000
96.300000
98.100000
94.600000
97.800000
95.700000
96.900000
98.600000
98.400000
98.400000
96.900000
98.000000
96.800000
90.600000
95.800000
73.570000
97.300000
97.900000
97.800000
91.200000
92.000000
93.600000
93.700000
97.800000
98.600000
98.500000
94.210000
97.800000
83.450000
92.630000
95.300000
82.370000
38.890000
97.500000
98.500000
97.400000
83.660000
98.400000
97.700000
97.700000
96.800000
95.400000
57.390000
78.780000
97.100000
97.900000
98.300000
56.150000
26.550000
62.970000
0.010000
73.810000
98.900000
96.700000
92.900000
95.700000
98.400000
98.900000
92.800000
84.760000
38.780000
0.020000
37.980000
95.400000
73.280000
0.190000
72.150000
90.900000
89.930000
71.890000
51.520000
76.470000
60.610000
0.190000
63.040000
98.500000
91.900000
84.380000
16.750000
29.720000
8.400000
86.800000
92.100000
96.800000
97.300000
74.440000
95.300000
91.320000
94.100000
97.700000
95.200000
98.300000
96.700000
97.800000
73.790000
97.700000
98.400000
98.400000
88.700000
50.120000
0.040000
0.000000
0.000000
0.030000
80.770000
82.890000
27.220000
98.500000
76.120000
53.660000
0.180000
0.000000
60.210000
97.700000
95.110000
94.620000
10.740000
83.870000
56.390000
96.900000
98.100000
29.670000
0.000000
52.690000
98.200000
97.400000
98.000000
99.100000
95.800000
98.200000
97.600000
87.700000
98.100000
96.900000
96.300000
78.430000
97.000000
97.100000
98.000000
98.400000
98.800000
97.900000
96.700000
85.750000
99.400000
81.440000
93.310000
86.310000
97.000000
94.900000
94.100000
96.200000
95.400000
85.470000
95.100000
98.100000
97.800000
9.010000
79.180000
30.460000
78.840000
97.500000
84.200000
79.930000
62.910000
71.070000
97.200000
98.900000
95.210000
97.800000
98.900000
97.800000
97.000000
15.300000
72.390000
96.400000
95.000000
94.110000
94.500000
94.900000
96.900000
96.400000
95.510000
91.420000
77.230000
95.300000
97.000000
94.300000
87.020000
93.800000
98.100000
98.300000
85.650000
94.500000
98.200000
98.100000
87.970000
98.200000
82.750000
99.200000
98.600000
97.800000
2.830000
0.240000
10.370000
85.100000
40.710000
98.200000
97.600000
97.700000
93.400000
72.090000
0.080000
0.760000
0.110000
75.410000
90.600000
96.500000
36.200000
96.000000
95.300000
90.400000
0.810000
92.910000
98.000000
81.360000
87.930000
94.600000
90.120000
95.700000
87.570000
96.800000
11.970000
50.000000
96.500000
79.210000
98.500000
95.800000
93.600000
97.300000
97.800000
98.400000
26.090000
0.010000
85.930000
92.400000
96.800000
93.100000
82.770000
98.600000
98.800000
98.400000
96.900000
87.630000
95.800000
98.700000
95.900000
96.600000
97.500000
36.930000
9.160000
97.800000
94.900000
98.700000
81.260000
2.010000
1.100000
0.000000
21.710000
19.240000
39.610000
84.610000
11.380000
79.630000
0.120000
84.130000
91.500000
68.220000
99.100000
98.100000
98.300000
93.400000
88.800000
98.300000
98.900000
98.300000
96.300000
70.810000
0.150000
0.000000
0.000000
0.550000
47.390000
89.740000
97.100000
45.500000
0.260000
6.530000
97.800000
97.900000
59.530000
43.920000
97.400000
89.300000
6.170000
90.460000
97.900000
94.800000
31.160000
0.060000
0.000000
1.000000
60.540000
96.000000
96.300000
78.130000
93.500000
92.800000
95.200000
87.070000
98.600000
96.400000
92.030000
15.210000
88.780000
98.200000
84.440000
96.100000
91.220000
95.700000
97.400000
95.900000
81.100000
93.500000
97.700000
94.500000
96.500000
98.900000
68.780000
73.270000
96.800000
95.200000
44.900000
1.000000
96.100000
97.000000
97.900000
96.900000
96.700000
17.390000
0.000000
0.040000
40.850000
96.200000
98.200000
85.300000
96.600000
96.400000
96.400000
97.200000
84.740000
95.100000
97.200000
49.550000
40.740000
95.100000
96.800000
37.080000
91.900000
98.200000
97.500000
96.800000
96.900000
78.100000
98.900000
96.900000
98.900000
96.400000
91.300000
96.700000
97.800000
89.110000
98.100000
97.800000
30.670000
0.000000
0.000000
1.190000
0.020000
23.220000
96.100000
74.260000
27.160000
83.700000
98.100000
97.700000
87.080000
93.500000
98.500000
96.300000
97.200000
97.900000
96.300000
96.500000
97.100000
97.700000
73.290000
94.100000
99.200000
96.700000
6.730000
32.070000
98.400000
65.020000
98.000000
98.500000
97.700000
98.000000
96.300000
96.600000
98.800000
3.220000
0.000000
44.110000
98.200000
94.600000
90.600000
84.820000
99.600000
43.950000
0.030000
0.020000
0.000000
20.100000
67.430000
98.100000
96.800000
98.200000
96.700000
94.400000
73.210000
97.900000
95.200000
98.300000
92.700000
94.400000
93.100000
97.600000
97.100000
97.400000
85.610000
83.090000
98.500000
97.400000
92.100000
98.900000
97.400000
98.200000
98.400000
16.170000
0.120000
39.960000
96.600000
97.900000
96.000000
98.500000
97.900000
95.000000
97.700000
97.700000
98.800000
74.010000
0.010000
0.000000
0.190000
0.000000
54.900000
57.670000
93.300000
86.910000
97.400000
97.700000
96.500000
81.710000
14.400000
98.300000
97.900000
85.220000
57.840000
32.790000
96.700000
97.400000
97.600000
71.460000
46.610000
74.160000
89.520000
2.370000
18.260000
97.600000
99.800000
85.620000
94.900000
91.200000
96.400000
91.900000
91.600000
94.710000
95.700000
86.930000
88.470000
97.400000
72.190000
30.260000
0.000000
66.500000
97.200000
98.800000
73.090000
96.200000
58.820000
2.200000
23.450000
91.500000
97.500000
96.400000
96.000000
93.300000
98.100000
30.010000
0.130000
85.810000
96.900000
66.190000
33.510000
98.700000
57.310000
97.100000
98.200000
98.400000
97.300000
81.280000
94.600000
66.630000
0.200000
34.290000
98.000000
92.400000
98.200000
97.000000
94.400000
15.580000
0.150000
0.000000
69.700000
98.600000
85.570000
6.290000
96.800000
97.100000
98.300000
91.110000
98.200000
31.030000
37.860000
85.360000
96.000000
98.000000
98.700000
93.210000
98.500000
99.100000
98.200000
98.400000
98.200000
88.200000
97.800000
24.250000
0.150000
0.000000
78.930000
26.380000
1.380000
10.440000
68.780000
0.000000
25.030000
98.600000
96.600000
95.000000
75.100000
1.110000
98.000000
96.300000
98.200000
97.400000
96.400000
94.600000
97.100000
97.700000
99.000000
88.130000
96.700000
93.710000
97.600000
95.800000
97.500000
98.700000
90.240000
94.600000
98.700000
89.300000
96.900000
96.400000
98.800000
91.610000
86.050000
97.100000
97.800000
91.000000
96.200000
97.800000
98.000000
98.000000
98.200000
97.900000
98.000000
97.400000
79.010000
96.900000
98.600000
98.600000
96.010000
86.690000
95.800000
98.600000
99.100000
93.600000
97.600000
98.300000
99.000000
96.600000
97.000000
98.400000
97.300000
98.800000
94.700000
87.170000
98.200000
94.800000
95.300000
87.210000
93.000000
98.900000
67.380000
0.000000
19.210000
92.420000
59.880000
1.000000
0.000000
49.500000
98.000000
97.100000
95.400000
80.930000
96.600000
96.900000
96.600000
27.710000
55.180000
96.500000
98.800000
97.600000
97.300000
97.700000
97.600000
97.200000
93.700000
87.700000
95.200000
81.410000
95.500000
81.610000
98.100000
86.500000
82.080000
78.180000
13.560000
0.010000
58.080000
97.200000
97.700000
93.500000
99.000000
97.900000
98.900000
98.700000
97.700000
98.600000
98.500000
11.040000
80.150000
95.900000
98.100000
95.800000
75.650000
96.100000
88.730000
98.300000
98.700000
96.300000
97.200000
98.800000
76.720000
0.470000
2.530000
90.730000
95.500000
94.700000
65.610000
0.170000
0.010000
70.510000
97.500000
90.600000
97.500000
99.200000
99.000000
95.900000
98.300000
95.000000
98.500000
96.600000
89.010000
98.000000
77.400000
60.690000
0.170000
79.420000
97.300000
87.710000
35.980000
4.430000
33.140000
98.600000
95.400000
97.100000
98.400000
95.400000
93.800000
98.400000
98.000000
97.900000
64.660000
8.200000
40.060000
98.100000
93.610000
67.190000
11.540000
89.740000
98.900000
19.730000
65.850000
97.700000
97.200000
98.100000
96.700000
93.710000
95.400000
97.500000
89.260000
80.760000
90.410000
81.790000
98.900000
33.450000
96.700000
23.890000
94.300000
91.310000
94.410000
57.030000
0.000000
0.010000
75.020000
94.300000
98.200000
94.900000
79.480000
83.520000
96.400000
98.000000
97.700000
28.270000
57.200000
70.400000
43.950000
0.110000
0.000000
6.440000
96.000000
95.600000
16.590000
0.340000
77.240000
91.300000
73.180000
95.400000
96.200000
94.500000
84.670000
27.240000
0.000000
4.700000
96.100000
97.500000
89.320000
62.640000
98.400000
93.000000
95.300000
98.100000
96.900000
90.300000
35.470000
0.000000
72.560000
99.000000
97.600000
59.880000
55.370000
97.100000
88.130000
84.150000
93.720000
92.700000
87.260000
97.000000
96.300000
93.800000
91.210000
96.700000
97.500000
98.700000
82.190000
1.260000
32.490000
96.600000
97.800000
96.000000
91.700000
80.420000
47.440000
96.800000
95.200000
95.700000
97.100000
62.240000
69.460000
97.600000
97.800000
93.020000
1.390000
0.040000
0.240000
51.940000
92.400000
98.400000
97.300000
94.800000
97.700000
96.600000
66.620000
95.900000
88.540000
98.500000
96.900000
95.400000
89.010000
63.270000
1.010000
88.940000
89.100000
98.100000
87.020000
97.500000
96.900000
97.100000
93.300000
90.020000
96.500000
21.810000
58.820000
96.900000
94.900000
64.610000
92.210000
99.100000
16.700000
0.000000
0.000000
0.000000
62.890000
55.240000
88.350000
96.800000
93.100000
95.600000
88.030000
28.240000
65.740000
96.800000
85.890000
89.570000
98.300000
98.600000
89.900000
25.840000
94.300000
96.600000
96.600000
99.100000
76.530000
99.100000
99.400000
97.100000
98.100000
80.940000
94.700000
69.000000
22.450000
53.980000
98.900000
97.100000
98.700000
83.730000
80.870000
95.100000
97.500000
64.980000
0.150000
35.410000
86.740000
98.500000
94.700000
91.300000
67.690000
97.000000
97.300000
95.900000
99.100000
98.100000
92.800000
95.600000
99.300000
98.700000
84.970000
79.550000
95.100000
98.300000
94.200000
97.500000
38.360000
26.200000
35.390000
99.400000
98.000000
98.100000
97.000000
20.750000
0.010000
28.970000
98.400000
99.300000
93.110000
97.000000
97.200000
97.800000
95.600000
95.700000
97.800000
13.370000
77.400000
90.900000
98.100000
97.900000
95.500000
98.000000
98.000000
98.400000
98.900000
97.900000
96.900000
95.400000
90.200000
97.200000
98.900000
98.900000
36.200000
1.320000
0.250000
62.470000
0.030000
0.000000
4.520000
28.220000
95.300000
97.600000
73.630000
0.180000
52.810000
97.000000
67.240000
0.000000
62.110000
92.400000
58.430000
99.000000
98.300000
94.900000
97.700000
98.200000
95.000000
98.300000
92.100000
78.070000
97.300000
98.500000
98.800000
98.800000
88.830000
98.600000
92.500000
99.200000
95.600000
95.900000
94.500000
98.100000
89.120000
98.600000
99.400000
98.200000
91.320000
59.560000
0.010000
1.140000
0.000000
0.000000
0.000000
0.000000
81.150000
99.100000
95.600000
97.600000
94.700000
45.070000
0.000000
0.000000
87.900000
91.900000
56.730000
97.400000
92.400000
99.000000
98.200000
98.400000
94.300000
97.500000
98.000000
99.300000
97.400000
71.300000
68.610000
87.720000
0.360000
14.500000
89.920000
97.600000
98.400000
89.630000
1.490000
0.000000
0.000000
11.500000
92.100000
94.800000
94.900000
86.080000
78.670000
96.100000
99.200000
97.700000
82.920000
98.500000
97.700000
98.300000
98.300000
96.900000
99.200000
98.100000
98.400000
89.200000
99.000000
98.700000
98.400000
96.300000
97.800000
60.090000
20.160000
99.300000
36.560000
0.000000
71.750000
65.880000
0.410000
44.670000
98.500000
92.800000
95.800000
98.000000
97.800000
38.000000
68.810000
89.730000
97.500000
97.600000
89.530000
98.400000
95.700000
98.300000
97.700000
98.200000
98.700000
97.300000
9.510000
73.780000
97.300000
94.800000
17.000000
0.020000
1.960000
98.700000
94.800000
87.850000
98.700000
97.600000
94.900000
91.940000
85.620000
99.000000
96.000000
96.400000
95.900000
96.500000
98.200000
32.530000
96.000000
44.180000
10.960000
98.200000
98.700000
98.200000
97.000000
97.900000
96.000000
79.220000
96.000000
95.700000
53.310000
28.740000
1.310000
0.000000
0.000000
30.480000
96.600000
98.000000
97.900000
95.800000
96.400000
94.800000
98.500000
94.500000
89.900000
95.600000
91.900000
32.700000
0.000000
0.030000
0.000000
83.720000
13.060000
77.110000
0.140000
1.110000
2.430000
25.510000
96.600000
66.330000
0.300000
86.120000
90.610000
96.800000
99.100000
96.400000
95.700000
83.910000
98.100000
96.100000
95.800000
95.600000
96.700000
96.400000
98.100000
96.100000
94.900000
87.530000
97.100000
72.640000
92.210000
97.700000
95.600000
94.800000
97.000000
95.500000
97.100000
97.500000
95.400000
95.500000
98.900000
96.500000
99.000000
95.000000
97.700000
98.100000
98.400000
95.100000
89.900000
96.900000
94.900000
97.000000
97.600000
97.000000
97.600000
97.600000
81.870000
8.950000
16.060000
93.800000
83.030000
94.700000
97.100000
98.400000
96.000000
97.100000
97.600000
98.000000
98.600000
96.400000
83.370000
96.700000
93.600000
97.800000
99.100000
98.200000
94.300000
96.400000
95.000000
7.210000
0.020000
85.640000
88.440000
97.100000
98.100000
20.550000
39.630000
31.880000
98.800000
96.200000
98.600000
96.800000
59.200000
45.930000
94.500000
93.900000
93.800000
97.900000
97.100000
94.000000
99.100000
96.200000
85.180000
95.500000
95.900000
97.500000
85.870000
97.100000
97.600000
98.700000
81.970000
92.700000
96.700000
47.370000
18.200000
95.000000
98.600000
96.300000
93.900000
79.670000
96.900000
66.060000
0.160000
0.000000
2.420000
79.010000
98.000000
93.500000
96.300000
73.570000
96.600000
96.000000
94.410000
97.500000
98.300000
60.860000
40.680000
96.500000
98.200000
96.700000
98.400000
96.500000
98.700000
97.500000
97.400000
96.600000
92.110000
94.700000
95.200000
95.900000
2.850000
1.210000
8.590000
8.650000
95.600000
96.300000
88.940000
97.300000
77.020000
99.300000
98.600000
97.500000
89.910000
94.300000
97.700000
97.200000
97.200000
86.200000
98.400000
94.210000
96.200000
93.610000
5.450000
43.670000
42.050000
5.030000
98.600000
82.010000
92.200000
94.400000
98.800000
94.800000
96.700000
89.920000
85.400000
21.410000
80.610000
97.800000
90.310000
88.710000
55.770000
55.910000
11.280000
25.860000
0.000000
0.000000
0.000000
3.070000
11.210000
90.800000
99.100000
23.880000
93.400000
97.000000
97.300000
60.760000
35.400000
96.100000
97.800000
98.200000
97.300000
96.000000
96.900000
97.100000
93.700000
94.700000
99.000000
97.800000
95.300000
96.600000
98.500000
96.900000
97.200000
99.000000
97.900000
99.000000
96.500000
99.100000
95.500000
80.910000
16.050000
67.700000
84.450000
10.950000
97.000000
97.900000
98.800000
95.200000
98.200000
93.400000
99.000000
94.410000
96.400000
94.510000
95.600000
95.400000
97.500000
90.010000
97.900000
98.700000
88.020000
97.900000
72.630000
96.400000
50.770000
0.000000
0.000000
47.490000
98.300000
50.000000
94.820000
95.100000
96.300000
95.000000
97.000000
97.700000
96.500000
98.000000
95.400000
98.800000
94.300000
96.100000
98.600000
65.820000
38.190000
96.800000
89.410000
89.340000
96.100000
98.200000
96.400000
98.300000
57.990000
12.370000
93.710000
93.200000
97.100000
89.800000
97.900000
89.270000
97.600000
98.800000
41.790000
97.500000
83.500000
61.040000
97.600000
92.610000
99.200000
95.200000
32.290000
0.000000
84.500000
88.920000
94.300000
90.420000
98.600000
92.430000
27.710000
80.500000
97.400000
22.970000
76.110000
60.490000
52.130000
97.800000
97.100000
95.700000
95.400000
96.700000
96.800000
98.100000
93.330000
0.020000
62.200000
85.610000
94.600000
97.700000
96.500000
97.300000
96.800000
98.800000
97.200000
95.600000
84.650000
96.600000
68.540000
0.080000
0.110000
0.030000
8.420000
0.000000
25.970000
97.200000
98.900000
76.590000
15.840000
93.310000
95.200000
96.900000
92.900000
47.140000
47.820000
90.500000
94.900000
93.800000
80.480000
83.190000
95.300000
84.270000
79.080000
95.500000
46.990000
0.000000
33.520000
98.400000
97.400000
59.220000
99.200000
98.300000
97.700000
44.670000
24.940000
0.000000
16.700000
90.610000
88.660000
83.170000
88.080000
17.350000
98.300000
98.500000
83.980000
94.610000
98.100000
97.000000
86.520000
60.850000
91.400000
98.100000
98.500000
98.800000
96.200000
27.490000
0.050000
0.000000
77.930000
96.100000
96.400000
87.170000
40.670000
96.300000
48.390000
91.300000
83.760000
90.510000
1.860000
0.000000
84.500000
97.000000
98.600000
97.100000
97.700000
98.300000
90.720000
98.800000
17.700000
84.100000
97.100000
95.000000
94.500000
99.600000
87.220000
96.200000
55.600000
0.010000
0.000000
0.000000
0.240000
30.630000
97.400000
97.400000
97.900000
48.750000
54.510000
4.940000
0.000000
0.000000
1.180000
0.000000
45.450000
55.170000
98.600000
37.420000
0.020000
0.000000
0.060000
46.500000
93.800000
94.600000
97.000000
93.300000
80.660000
81.890000
98.100000
97.800000
88.510000
82.140000
74.020000
97.200000
96.600000
98.600000
95.300000
97.100000
91.900000
98.300000
97.800000
88.170000
0.870000
94.800000
96.500000
91.460000
18.490000
96.900000
98.500000
97.400000
98.200000
96.100000
79.450000
95.000000
92.900000
97.600000
96.100000
98.300000
96.500000
92.020000
97.800000
98.000000
96.000000
96.800000
96.600000
72.990000
0.190000
88.130000
97.900000
71.660000
97.600000
87.550000
94.230000
94.700000
97.700000
97.100000
98.400000
56.320000
71.500000
94.600000
93.000000
82.400000
97.700000
97.200000
98.500000
98.800000
98.500000
96.900000
67.280000
69.810000
96.500000
79.370000
98.400000
98.200000
34.160000
0.000000
0.080000
72.080000
94.800000
97.200000
96.500000
94.100000
95.700000
98.300000
85.550000
97.700000
97.000000
92.800000
96.400000
99.100000
98.200000
96.700000
84.010000
97.900000
97.900000
77.300000
96.900000
97.100000
90.900000
87.020000
96.000000
96.300000
98.500000
92.700000
97.700000
96.000000
96.600000
87.650000
97.700000
89.710000
77.690000
86.640000
97.800000
83.800000
15.880000
58.700000
96.300000
89.820000
95.000000
98.400000
99.200000
99.600000
94.800000
93.000000
96.200000
96.900000
86.490000
96.300000
97.900000
86.830000
96.900000
98.300000
82.030000
1.480000
31.510000
5.810000
52.440000
83.810000
98.100000
96.700000
55.670000
70.880000
97.300000
94.900000
98.700000
87.060000
32.570000
96.400000
99.500000
94.800000
98.200000
93.400000
97.700000
94.800000
98.300000
99.200000
92.600000
96.700000
97.600000
96.300000
4.420000
92.300000
87.810000
93.900000
96.900000
22.130000
39.770000
98.800000
92.600000
86.600000
97.800000
94.900000
39.140000
97.300000
98.900000
95.000000
84.710000
87.020000
96.400000
92.600000
98.200000
21.830000
4.090000
33.610000
93.110000
89.900000
95.600000
97.800000
95.600000
92.900000
96.400000
64.800000
52.930000
98.700000
91.720000
94.100000
95.700000
98.500000
98.700000
97.900000
97.700000
95.600000
96.500000
88.800000
95.200000
23.310000
34.400000
20.170000
8.320000
94.000000
97.400000
91.800000
85.100000
98.200000
59.400000
91.320000
97.900000
98.800000
98.800000
94.100000
96.200000
43.650000
97.800000
97.400000
88.230000
46.210000
0.000000
0.050000
50.170000
83.760000
92.900000
98.900000
96.700000
96.000000
77.200000
92.500000
95.000000
79.490000
0.010000
93.630000
82.940000
0.250000
61.370000
45.910000
75.630000
97.700000
65.510000
88.540000
97.200000
97.600000
96.500000
85.450000
90.240000
91.420000
98.300000
38.740000
98.000000
98.600000
96.800000
97.900000
98.300000
98.300000
97.200000
97.300000
95.800000
98.500000
98.300000
98.200000
95.500000
98.300000
95.300000
96.400000
97.800000
99.000000
95.600000
95.400000
95.100000
98.600000
84.560000
0.030000
71.430000
94.900000
98.100000
95.300000
93.400000
92.400000
96.000000
97.400000
98.400000
97.800000
97.000000
98.500000
50.600000
98.500000
98.200000
97.400000
3.060000
96.800000
96.900000
98.300000
98.400000
88.250000
65.330000
77.180000
0.000000
0.000000
68.140000
97.900000
98.600000
97.800000
33.770000
92.410000
97.100000
82.690000
98.600000
95.600000
43.450000
95.300000
44.640000
2.020000
98.700000
94.300000
9.200000
93.510000
90.200000
89.900000
44.340000
0.000000
4.620000
98.500000
98.500000
27.130000
0.320000
92.000000
92.310000
99.100000
96.600000
96.800000
99.500000
87.350000
98.300000
98.500000
98.300000
94.100000
99.300000
80.350000
1.110000
45.560000
95.300000
93.800000
87.410000
93.110000
96.600000
96.700000
95.700000
99.000000
96.900000
96.900000
98.100000
97.100000
91.300000
94.200000
93.500000
75.450000
94.600000
97.000000
96.100000
85.910000
92.000000
97.100000
94.800000
50.450000
4.200000
0.940000
48.980000
97.900000
98.600000
96.100000
82.670000
58.690000
0.030000
67.200000
42.350000
0.000000
0.000000
0.450000
47.080000
83.930000
98.400000
97.500000
82.670000
23.430000
5.290000
10.810000
72.400000
94.610000
98.600000
99.200000
98.300000
72.910000
25.810000
97.600000
98.800000
96.100000
97.200000
97.900000
95.800000
97.500000
98.300000
96.500000
2.890000
44.960000
86.480000
97.300000
91.900000
76.730000
95.400000
97.900000
96.600000
97.500000
95.900000
97.700000
97.300000
96.800000
44.140000
0.000000
64.710000
94.700000
21.460000
57.590000
85.740000
98.500000
92.300000
97.800000
93.900000
95.200000
88.300000
98.500000
96.200000
96.800000
97.600000
97.900000
96.100000
91.070000
0.260000
0.000000
0.000000
19.060000
95.100000
98.400000
98.500000
92.200000
98.900000
1.890000
63.300000
92.810000
96.300000
97.400000
2.340000
30.160000
92.500000
94.600000
92.400000
96.400000
97.800000
92.700000
94.700000
95.400000
97.500000
93.400000
98.600000
89.230000
97.900000
99.200000
72.630000
0.010000
0.000000
32.440000
68.610000
1.190000
0.030000
0.000000
47.170000
94.800000
87.300000
97.200000
98.900000
95.100000
35.510000
0.250000
91.240000
97.800000
91.910000
93.400000
97.900000
97.000000
88.350000
98.000000
40.330000
43.240000
0.070000
15.260000
94.100000
87.650000
97.800000
97.500000
96.100000
80.040000
95.000000
97.600000
98.600000
98.400000
94.310000
98.200000
31.390000
49.830000
92.600000
94.000000
96.700000
96.600000
98.700000
90.130000
69.800000
93.600000
99.000000
95.220000
76.950000
0.230000
7.900000
47.070000
0.000000
0.010000
0.000000
7.490000
92.700000
89.430000
97.700000
97.000000
97.700000
98.300000
98.600000
87.080000
0.290000
70.810000
97.200000
97.500000
98.500000
98.800000
95.700000
84.280000
92.600000
98.400000
98.000000
96.600000
97.400000
89.600000
93.200000
95.200000
92.700000
95.400000
94.800000
97.500000
28.620000
0.290000
0.160000
9.490000
95.400000
98.400000
92.300000
97.100000
98.700000
92.100000
98.400000
96.000000
54.340000
77.310000
97.100000
98.700000
91.620000
12.500000
52.410000
94.900000
86.600000
0.120000
2.200000
95.600000
96.000000
90.810000
97.900000
99.200000
99.300000
98.200000
98.800000
97.800000
69.810000
76.160000
98.500000
98.200000
97.000000
98.000000
96.600000
97.600000
98.300000
69.500000
84.150000
96.100000
95.600000
34.450000
32.630000
89.270000
93.440000
98.100000
95.400000
99.200000
98.600000
60.140000
2.110000
40.600000
0.000000
0.000000
62.580000
97.100000
96.400000
82.980000
82.820000
11.750000
0.440000
0.140000
0.000000
12.050000
98.000000
97.500000
90.040000
99.300000
96.900000
98.600000
98.100000
98.400000
98.200000
96.900000
96.900000
92.900000
95.800000
96.600000
80.510000
19.270000
93.700000
87.810000
95.800000
94.200000
87.920000
97.200000
97.000000
96.400000
78.960000
31.070000
98.000000
94.910000
94.100000
98.400000
99.300000
94.600000
98.700000
92.220000
97.900000
95.000000
96.000000
93.000000
