0.000000
0.000000
0.000000
0.000000
11.590000
21.480000
11.700000
8.580000
5.140000
12.350000
7.660000
2.260000
1.190000
3.570000
17.830000
31.080000
12.300000
4.240000
3.280000
16.620000
9.870000
0.000000
16.180000
3.020000
3.520000
18.080000
1.470000
0.090000
3.550000
15.130000
9.900000
9.120000
8.010000
10.000000
11.880000
4.090000
14.780000
6.050000
0.000000
6.480000
13.920000
8.050000
17.340000
16.100000
1.350000
3.730000
0.020000
4.370000
15.360000
0.000000
0.030000
14.670000
0.000000
0.000000
4.610000
3.400000
0.000000
0.000000
2.930000
61.850000
4.010000
5.850000
8.180000
0.000000
17.060000
7.330000
10.100000
8.010000
14.250000
11.340000
10.770000
11.180000
0.380000
10.190000
0.000000
1.980000
0.000000
13.650000
18.070000
6.910000
5.130000
8.400000
2.270000
1.160000
16.180000
30.250000
14.510000
1.610000
2.620000
22.510000
13.510000
0.000000
0.080000
1.260000
9.290000
2.290000
0.050000
11.870000
29.460000
4.960000
0.050000
0.210000
22.120000
0.010000
8.680000
17.630000
15.320000
0.000000
4.490000
11.040000
0.050000
15.350000
0.000000
1.100000
4.110000
5.900000
0.540000
1.210000
8.130000
0.060000
3.370000
1.000000
14.690000
0.040000
0.000000
1.610000
8.660000
1.020000
0.130000
0.120000
3.220000
12.140000
0.040000
5.380000
0.000000
0.000000
0.320000
17.710000
5.420000
0.060000
0.000000
3.090000
8.330000
0.010000
0.000000
1.510000
19.660000
2.890000
0.000000
0.080000
0.000000
3.480000
12.610000
0.060000
0.000000
13.120000
18.810000
0.000000
7.060000
3.320000
0.000000
9.490000
5.170000
5.900000
0.000000
10.200000
0.010000
7.080000
0.000000
2.100000
2.570000
5.410000
1.710000
0.000000
0.140000
25.900000
0.250000
23.570000
0.460000
28.700000
2.190000
1.300000
10.590000
25.450000
9.890000
0.000000
5.180000
0.000000
17.720000
1.100000
13.500000
27.190000
10.830000
1.120000
3.450000
0.580000
0.370000
1.660000
1.100000
0.020000
0.000000
7.060000
2.160000
0.030000
16.250000
8.840000
3.440000
1.000000
2.000000
1.730000
5.960000
1.340000
0.000000
6.510000
0.000000
0.000000
1.330000
0.000000
1.800000
21.880000
14.670000
6.250000
9.830000
11.760000
16.060000
22.220000
9.090000
10.730000
0.120000
6.430000
0.140000
4.350000
4.630000
1.100000
6.540000
0.160000
11.840000
0.040000
1.260000
24.660000
5.840000
1.000000
3.410000
0.070000
0.120000
0.030000
0.000000
15.810000
0.000000
2.210000
3.500000
0.280000
0.080000
26.300000
6.940000
5.320000
28.640000
2.380000
2.100000
0.000000
0.000000
0.000000
1.060000
9.010000
1.270000
8.080000
1.310000
2.300000
16.130000
22.430000
5.700000
7.920000
0.000000
3.540000
0.030000
24.740000
5.480000
13.630000
0.000000
0.000000
0.000000
0.280000
6.750000
10.000000
8.450000
10.290000
0.060000
3.860000
0.210000
1.000000
2.280000
0.000000
1.000000
13.480000
6.620000
8.520000
0.030000
0.000000
0.000000
0.000000
2.440000
5.750000
2.310000
1.380000
1.110000
3.530000
3.200000
5.960000
11.920000
6.860000
0.340000
0.000000
13.840000
33.160000
14.880000
6.450000
2.600000
0.000000
2.300000
10.200000
21.260000
1.000000
1.620000
9.500000
14.490000
4.640000
4.250000
4.690000
7.700000
5.510000
5.600000
7.870000
9.830000
23.740000
3.170000
1.210000
0.000000
0.110000
7.910000
3.120000
0.140000
6.620000
3.060000
0.000000
0.000000
0.000000
0.010000
25.490000
27.450000
0.000000
0.000000
2.210000
2.120000
0.030000
0.000000
0.000000
0.550000
19.510000
7.980000
8.390000
6.690000
5.330000
0.000000
20.050000
9.990000
0.000000
0.000000
0.000000
0.220000
0.580000
0.000000
4.090000
2.390000
0.030000
14.270000
1.840000
2.980000
7.940000
5.080000
6.480000
0.000000
3.180000
0.050000
3.410000
0.000000
1.440000
1.340000
0.050000
4.610000
0.190000
9.220000
3.440000
15.320000
13.580000
3.200000
10.420000
0.000000
4.890000
0.010000
5.060000
10.060000
16.480000
2.000000
0.000000
13.010000
18.260000
16.830000
0.000000
12.900000
3.380000
0.000000
0.000000
0.260000
0.000000
0.000000
2.650000
17.270000
0.360000
0.010000
25.650000
17.740000
0.120000
0.260000
6.890000
2.390000
0.000000
0.000000
25.160000
0.200000
0.000000
2.100000
3.110000
3.710000
13.800000
8.640000
