0.000000
0.000000
0.000000
0.000000
0.000000
43.790000
88.500000
94.400000
90.500000
96.100000
77.580000
75.540000
97.600000
92.700000
97.200000
92.000000
94.000000
96.200000
96.600000
92.800000
96.100000
93.000000
94.200000
93.500000
81.180000
0.940000
0.000000
0.560000
0.110000
25.620000
97.600000
96.900000
97.400000
95.800000
95.800000
96.700000
97.300000
97.600000
97.700000
97.400000
97.600000
96.000000
96.500000
96.000000
96.400000
96.100000
97.000000
96.700000
96.600000
96.100000
96.500000
97.000000
97.300000
97.000000
98.200000
96.900000
97.900000
95.100000
96.400000
95.900000
61.390000
97.500000
97.700000
96.400000
96.700000
96.700000
97.200000
95.500000
97.300000
97.300000
97.000000
97.600000
97.600000
97.200000
97.000000
95.700000
96.300000
96.300000
96.600000
95.900000
96.200000
96.300000
95.800000
96.100000
95.000000
94.200000
95.200000
92.500000
95.400000
96.500000
95.300000
96.500000
96.100000
97.100000
95.400000
93.700000
96.400000
94.400000
97.100000
92.700000
94.700000
96.100000
89.600000
97.000000
95.800000
94.300000
95.000000
96.000000
95.900000
94.900000
96.500000
94.900000
95.600000
92.600000
96.000000
96.300000
95.700000
89.210000
96.300000
95.000000
97.600000
96.300000
96.600000
96.700000
96.200000
94.600000
97.100000
96.300000
94.800000
95.400000
92.300000
97.600000
96.000000
94.900000
91.700000
96.700000
95.100000
96.500000
97.100000
96.800000
97.600000
97.000000
92.900000
92.100000
96.000000
95.100000
94.500000
94.500000
95.700000
96.100000
94.700000
97.500000
97.400000
96.800000
43.040000
62.600000
93.400000
11.190000
0.120000
2.880000
21.070000
71.060000
32.550000
65.550000
29.720000
58.380000
31.820000
43.960000
7.560000
0.190000
2.870000
36.370000
35.480000
0.020000
18.220000
18.310000
4.240000
6.490000
0.000000
3.160000
1.470000
9.250000
69.920000
1.000000
22.380000
88.420000
1.750000
18.010000
63.460000
43.250000
14.290000
0.000000
20.420000
0.670000
61.250000
5.120000
23.360000
9.790000
73.470000
0.310000
49.190000
3.980000
75.870000
87.410000
25.870000
28.270000
39.940000
28.940000
87.900000
56.170000
28.590000
26.710000
17.160000
11.000000
41.940000
9.100000
0.000000
8.800000
25.320000
0.120000
9.040000
0.010000
0.030000
21.380000
90.400000
14.420000
0.020000
24.670000
64.900000
54.700000
6.630000
3.520000
55.280000
24.540000
75.130000
83.910000
89.840000
0.060000
46.820000
20.150000
44.380000
9.700000
43.100000
32.120000
0.000000
0.000000
78.200000
78.470000
45.440000
89.610000
93.600000
9.030000
47.090000
10.020000
0.820000
51.430000
59.200000
64.800000
34.410000
4.820000
5.940000
23.740000
6.090000
5.020000
1.000000
8.800000
7.380000
9.790000
0.000000
0.080000
2.530000
3.780000
0.050000
0.030000
3.190000
0.020000
7.990000
4.250000
1.150000
28.330000
16.970000
22.340000
18.970000
0.010000
0.000000
9.300000
7.510000
4.900000
0.070000
0.000000
12.760000
4.180000
0.000000
0.000000
0.560000
0.000000
24.390000
8.030000
5.450000
4.640000
15.530000
3.110000
0.220000
0.700000
31.340000
4.550000
2.540000
0.000000
0.020000
10.500000
5.590000
17.190000
0.060000
2.070000
5.350000
1.120000
3.860000
5.610000
1.110000
0.000000
9.090000
3.610000
1.570000
9.390000
0.090000
7.380000
11.290000
2.280000
5.700000
2.010000
8.980000
11.830000
0.720000
0.080000
0.000000
7.560000
0.000000
7.980000
13.140000
12.620000
0.000000
0.000000
14.620000
3.480000
13.120000
2.350000
0.000000
0.000000
17.600000
13.140000
0.000000
14.010000
18.830000
8.580000
0.090000
0.180000
0.610000
1.500000
0.100000
3.600000
19.280000
10.020000
2.030000
16.100000
11.820000
4.930000
3.100000
1.010000
0.020000
3.120000
0.160000
10.660000
6.840000
0.000000
3.730000
5.580000
4.850000
4.370000
8.480000
3.020000
0.000000
0.130000
0.000000
0.000000
9.010000
2.100000
7.710000
6.980000
0.190000
2.300000
0.150000
0.210000
0.000000
2.120000
3.440000
1.940000
1.000000
1.720000
0.840000
2.500000
3.930000
8.470000
0.010000
9.130000
16.980000
5.860000
8.850000
2.750000
8.760000
8.890000
3.900000
3.340000
5.990000
1.060000
5.030000
0.480000
4.200000
15.180000
0.020000
13.260000
8.320000
7.050000
12.810000
11.230000
14.310000
7.680000
17.040000
2.1800