0.000000
0.000000
0.000000
0.000000
0.000000
0.000000
0.000000
0.000000
0.000000
0.000000
0.000000
0.000000
0.000000
0.000000
0.000000
0.000000
0.000000
0.000000
0.000000
0.000000
0.000000
0.000000
0.000000
0.000000
0.000000
0.000000
0.000000
0.000000
0.000000
0.000000
0.000000
0.000000
0.000000
0.000000
0.000000
0.000000
0.000000
0.000000
0.000000
0.000000
0.000000
0.000000
0.000000
0.000000
0.000000
0.000000
0.000000
0.000000
0.000000
0.000000
0.000000
0.000000
10.140000
34.260000
82.010000
37.930000
0.000000
0.010000
80.830000
61.800000
16.840000
0.230000
37.610000
92.700000
89.200000
46.390000
9.950000
86.720000
83.420000
72.570000
64.720000
84.610000
4.740000
21.130000
77.530000
88.500000
91.500000
78.010000
89.900000
77.710000
51.310000
8.090000
59.990000
87.100000
85.300000
85.200000
14.620000
0.000000
0.120000
63.710000
88.700000
89.200000
90.300000
85.500000
81.150000
0.170000
25.170000
87.900000
88.800000
77.640000
40.590000
1.000000
11.390000
87.200000
60.090000
84.000000
85.110000
86.810000
76.910000
70.770000
2.360000
88.710000
46.550000
46.120000
88.000000
87.100000
91.400000
74.230000
83.520000
61.360000
90.800000
62.570000
27.560000
39.250000
80.420000
75.600000
60.280000
31.120000
81.520000
76.120000
89.900000
85.200000
90.900000
12.120000
0.000000
34.740000
0.100000
40.500000
0.000000
0.020000
0.010000
12.370000
89.500000
87.700000
75.510000
89.900000
78.060000
1.540000
0.000000
0.000000
9.990000
82.620000
88.200000
54.370000
83.310000
82.700000
86.500000
91.500000
77.240000
79.810000
45.300000
83.100000
40.600000
74.160000
85.200000
87.100000
47.040000
0.140000
52.370000
0.000000
58.710000
86.200000
68.440000
72.860000
77.040000
89.400000
26.290000
1.240000
0.020000
57.260000
46.700000
0.000000
0.000000
45.250000
71.140000
0.150000
33.400000
61.920000
0.000000
41.900000
2.910000
0.020000
0.000000
2.110000
0.000000
28.180000
82.300000
87.410000
45.020000
0.000000
35.170000
30.620000
0.000000
17.130000
85.010000
89.500000
83.710000
85.400000
72.290000
63.630000
82.210000
87.200000
90.800000
17.730000
0.230000
0.000000
0.000000
4.970000
54.600000
76.510000
69.990000
84.030000
82.600000
85.700000
62.160000
0.000000
0.000000
81.140000
81.100000
71.460000
20.060000
37.970000
38.770000
76.410000
83.700000
1.010000
16.520000
0.000000
0.000000
60.100000
75.510000
42.520000
60.880000
87.900000
12.790000
12.900000
18.370000
53.860000
85.200000
89.600000
84.340000
64.570000
0.240000
17.270000
80.220000
87.600000
84.810000
77.600000
77.470000
84.900000
85.200000
74.860000
89.800000
76.540000
86.500000
87.800000
56.510000
0.930000
6.370000
85.100000
81.800000
87.200000
76.780000
84.610000
82.040000
78.580000
0.250000
19.610000
85.600000
82.600000
86.000000
84.300000
91.100000
78.760000
79.830000
80.260000
86.700000
83.200000
82.910000
92.500000
88.800000
30.900000
40.210000
0.000000
4.370000
0.010000
5.140000
3.410000
3.050000
4.950000
4.300000
11.440000
37.440000
0.000000
6.560000
78.950000
84.800000
90.400000
89.600000
24.810000
0.050000
58.920000
66.830000
41.340000
0.000000
22.150000
83.900000
83.300000
81.430000
77.420000
77.820000
89.100000
88.800000
48.120000
0.030000
51.070000
0.010000
0.290000
1.430000
70.340000
71.700000
8.240000
1.140000
0.110000
0.000000
0.000000
7.150000
66.150000
89.900000
80.020000
78.310000
74.160000
2.950000
33.100000
22.350000
0.000000
71.700000
78.800000
80.220000
79.260000
75.370000
0.250000
13.400000
83.900000
87.700000
90.000000
74.190000
18.370000
61.050000
87.900000
91.100000
27.580000
0.820000
74.970000
87.600000
63.540000
3.600000
78.100000
88.200000
76.320000
21.010000
0.000000
32.730000
84.300000
82.120000
87.900000
60.350000
80.510000
87.200000
76.130000
80.930000
87.600000
39.040000
0.310000
71.620000
88.100000
52.520000
0.000000
0.000000
33.770000
36.670000
2.760000
44.450000
63.190000
90.200000
87.300000
91.400000
86.200000
76.160000
83.800000
83.500000
88.300000
71.590000
6.940000
0.000000
72.760000
62.220000
36.340000
0.090000
40.000000
82.710000
87.000000
83.410000
75.650000
82.120000
89.900000
30.720000
1.000000
8.890000
44.700000
3.390000
65.650000
61.810000
83.200000
78.810000
90.700000
61.370000
0.080000
1.530000
30.040000
88.410000
90.700000
89.800000
74.590000
0.000000
0.000000
0.000000
31.870000
75.630000
0.320000
0.020000
46.590000
4.990000
0.190000
3.030000
79.810000
86.300000
87.320000
85.400000
78.400000
44.860000
73.270000
64.810000
0.610000
0.000000
41.450000
67.460000
87.400000
38.480000
74.020000
5.370000
19.380000
0.190000
11.580000
3.150000
21.600000
90.000000
81.400000
53.860000
0.000000
21.440000
72.330000
91.600000
81.300000
77.010000
78.040000
88.200000
90.400000
83.200000
85.220000
74.490000
86.100000
90.800000
78.350000
71.540000
74.150000
0.180000
23.230000
79.640000
32.680000
0.030000
0.000000
0.070000
0.010000
33.000000
88.700000
83.310000
76.030000
84.210000
83.120000
81.200000
84.810000
88.300000
86.200000
77.640000
86.700000
86.610000
83.600000
63.610000
86.400000
86.710000
76.900000
80.620000
86.400000
80.130000
87.800000
28.760000
1.300000
28.180000
16.240000
0.130000
31.970000
6.660000
4.040000
6.630000
1.130000
19.960000
0.000000
0.000000
0.000000
0.000000
0.000000
59.070000
88.700000
83.660000
35.420000
93.000000
73.920000
0.050000
0.060000
0.000000
33.730000
88.600000
86.300000
86.100000
71.310000
21.740000
3.400000
70.100000
0.320000
0.000000
0.040000
60.330000
91.400000
88.100000
78.520000
79.130000
87.600000
4.720000
3.930000
77.710000
84.600000
77.220000
76.970000
0.100000
64.830000
88.300000
89.900000
77.410000
91.000000
47.970000
81.130000
78.650000
92.000000
75.940000
83.240000
79.280000
0.590000
0.310000
21.840000
88.300000
88.300000
18.480000
0.000000
1.200000
77.530000
72.520000
14.400000
81.600000
31.970000
81.240000
42.830000
0.070000
3.680000
87.000000
86.600000
81.920000
9.630000
0.060000
0.000000
39.060000
74.830000
0.190000
41.880000
52.840000
0.570000
51.410000
83.500000
87.100000
76.320000
0.590000
0.170000
9.180000
11.990000
64.460000
0.000000
19.850000
0.250000
0.010000
46.720000
82.630000
56.780000
63.610000
0.000000
0.000000
0.000000
0.000000
0.200000
27.560000
0.000000
23.710000
89.800000
46.570000
85.600000
81.010000
88.000000
81.620000
65.900000
1.080000
2.260000
0.000000
10.180000
74.650000
80.860000
16.500000
2.410000
14.320000
48.050000
0.000000
44.930000
84.900000
13.990000
0.000000
59.660000
26.720000
0.020000
62.110000
0.260000
32.710000
88.300000
91.000000
83.900000
46.400000
0.000000
45.430000
63.340000
80.110000
78.820000
76.100000
23.780000
71.280000
83.910000
81.430000
8.540000
0.010000
5.760000
88.800000
82.700000
82.110000
82.420000
87.900000
84.730000
83.300000
20.400000
0.000000
0.000000
30.190000
78.120000
81.420000
86.700000
86.700000
89.400000
92.300000
80.350000
40.360000
53.730000
86.610000
79.420000
88.200000
85.340000
26.470000
90.100000
68.930000
87.900000
91.400000
72.710000
5.610000
3.710000
3.200000
89.200000
79.170000
69.880000
57.610000
8.540000
0.010000
0.000000
59.470000
88.100000
67.080000
17.930000
90.400000
89.500000
70.430000
62.040000
89.400000
87.800000
92.000000
13.810000
75.070000
0.440000
0.110000
0.000000
73.830000
83.600000
86.200000
10.740000
20.810000
9.480000
29.520000
1.170000
75.460000
82.330000
65.010000
90.300000
71.300000
90.700000
83.320000
0.680000
45.020000
19.080000
2.630000
0.000000
0.000000
0.210000
0.220000
38.500000
0.700000
65.240000
80.330000
90.800000
88.800000
53.750000
0.430000
0.000000
26.520000
83.400000
89.600000
75.320000
83.410000
80.620000
88.100000
43.150000
0.020000
77.340000
89.100000
19.840000
65.960000
70.100000
82.150000
75.360000
44.980000
74.090000
55.800000
81.800000
83.200000
84.300000
60.660000
16.560000
82.530000
10.110000
0.010000
3.840000
56.980000
91.100000
88.400000
92.300000
82.300000
85.900000
78.110000
62.230000
85.700000
87.700000
91.000000
82.050000
0.060000
16.790000
2.760000
77.210000
81.070000
38.150000
2.630000
0.000000
30.150000
24.410000
7.870000
74.830000
6.350000
47.210000
78.130000
0.350000
0.000000
0.130000
1.000000
39.550000
0.070000
44.740000
84.800000
34.970000
0.000000
46.400000
86.400000
72.410000
84.600000
21.190000
8.230000
5.160000
69.290000
88.900000
70.150000
79.310000
87.400000
86.900000
85.600000
26.900000
87.400000
85.500000
74.510000
83.900000
76.870000
84.120000
90.800000
82.730000
80.620000
90.700000
0.240000
0.000000
0.000000
60.030000
87.900000
87.100000
81.520000
89.500000
75.260000
51.200000
1.680000
0.000000
39.000000
81.200000
23.440000
1.610000
72.790000
11.860000
84.800000
85.000000
92.500000
23.240000
0.000000
0.070000
4.400000
69.720000
85.700000
88.000000
28.480000
0.040000
88.810000
85.620000
68.280000
82.400000
84.900000
82.010000
90.700000
80.820000
73.550000
76.370000
87.400000
76.810000
82.050000
84.900000
82.600000
77.030000
81.940000
78.310000
62.400000
90.500000
79.130000
93.000000
80.660000
0.010000
9.150000
83.200000
88.300000
84.500000
84.030000
87.310000
92.200000
88.400000
58.090000
42.490000
89.600000
86.500000
18.410000
14.530000
25.720000
66.470000
3.760000
0.550000
15.400000
85.000000
91.700000
81.740000
77.330000
55.030000
9.220000
21.460000
0.020000
21.670000
47.320000
88.110000
86.200000
89.500000
84.120000
9.900000
0.300000
1.100000
72.530000
1.990000
39.060000
12.190000
50.800000
71.770000
0.100000
0.000000
16.620000
87.400000
34.990000
0.000000
42.270000
82.720000
48.590000
40.870000
19.820000
85.400000
82.600000
43.630000
0.000000
42.420000
4.970000
0.000000
13.010000
82.500000
83.800000
80.900000
62.280000
92.300000
84.710000
17.030000
0.450000
86.840000
8.110000
0.150000
49.560000
85.800000
88.300000
86.400000
84.900000
12.100000
14.230000
90.700000
86.310000
65.740000
0.060000
27.560000
0.080000
34.150000
12.740000
0.000000
3.300000
64.630000
84.000000
78.040000
20.040000
85.500000
75.690000
87.400000
88.300000
76.970000
91.200000
32.430000
3.080000
17.220000
32.240000
0.000000
80.860000
71.790000
33.860000
0.120000
24.190000
91.500000
84.410000
76.530000
76.600000
0.110000
33.660000
38.260000
71.430000
86.700000
87.210000
90.500000
61.200000
0.030000
0.000000
42.030000
53.610000
43.060000
89.400000
13.360000
15.690000
73.570000
78.730000
82.300000
87.000000
92.000000
56.180000
0.110000
22.930000
72.010000
69.740000
78.230000
54.770000
29.530000
88.600000
66.960000
43.510000
31.100000
6.450000
24.350000
65.930000
0.050000
52.230000
79.330000
83.600000
89.100000
86.510000
89.000000
78.700000
86.300000
90.900000
87.810000
86.800000
84.500000
87.600000
81.320000
86.800000
81.900000
88.700000
86.400000
88.700000
40.890000
0.030000
38.400000
87.500000
82.200000
92.200000
88.700000
81.910000
71.640000
54.670000
77.120000
85.900000
87.800000
55.200000
0.000000
2.270000
80.600000
87.700000
76.180000
87.400000
89.900000
87.500000
76.120000
86.100000
60.720000
65.750000
87.010000
82.310000
74.970000
87.900000
88.700000
69.610000
46.230000
31.730000
25.410000
16.150000
89.500000
49.870000
0.180000
5.200000
77.510000
3.520000
48.960000
55.850000
0.200000
82.150000
69.760000
32.590000
0.000000
67.030000
0.830000
0.000000
0.020000
1.900000
1.000000
0.060000
0.000000
0.000000
48.770000
67.940000
0.000000
2.190000
3.110000
2.350000
6.660000
2.240000
0.000000
59.750000
88.600000
83.120000
75.150000
36.090000
2.290000
1.110000
0.000000
0.010000
0.000000
5.720000
80.300000
82.100000
52.310000
25.540000
37.450000
26.400000
74.220000
80.610000
36.750000
2.170000
10.090000
2.750000
7.870000
86.700000
7.640000
85.500000
82.600000
83.500000
19.210000
0.000000
0.000000
34.840000
88.700000
9.810000
83.840000
40.200000
82.220000
89.100000
7.690000
70.750000
83.900000
32.810000
0.000000
54.410000
17.590000
45.090000
0.320000
0.000000
0.000000
0.000000
0.000000
57.350000
0.090000
52.870000
92.500000
84.010000
87.800000
73.730000
75.080000
88.600000
73.200000
90.100000
81.620000
87.300000
85.800000
16.540000
0.020000
43.920000
56.870000
76.970000
82.740000
79.210000
85.100000
21.700000
0.000000
0.000000
0.000000
0.000000
0.000000
1.710000
56.250000
1.210000
35.640000
79.750000
1.940000
0.000000
16.730000
80.880000
11.780000
0.050000
5.170000
71.200000
2.310000
23.330000
0.000000
0.000000
0.000000
15.010000
24.150000
0.000000
23.110000
86.400000
68.090000
0.010000
12.280000
65.930000
55.950000
63.180000
69.110000
70.940000
4.450000
0.000000
15.930000
88.500000
86.900000
64.490000
41.410000
0.340000
0.020000
73.240000
63.560000
83.000000
9.380000
18.060000
85.300000
83.920000
77.540000
30.670000
63.670000
3.590000
54.470000
83.500000
85.800000
76.960000
82.130000
81.210000
85.500000
79.810000
87.400000
53.980000
42.030000
3.830000
34.660000
1.870000
18.600000
0.100000
14.870000
0.000000
47.330000
82.050000
90.800000
41.240000
15.140000
89.100000
80.710000
90.200000
88.900000
84.600000
80.730000
89.910000
81.940000
82.300000
79.530000
38.640000
0.000000
0.000000
57.020000
91.100000
4.160000
47.010000
79.210000
25.350000
26.930000
0.000000
24.910000
0.050000
25.130000
34.070000
31.630000
0.180000
5.220000
55.520000
1.650000
71.460000
91.300000
19.820000
0.000000
0.000000
37.750000
90.500000
26.800000
0.250000
0.000000
1.300000
0.210000
47.400000
85.210000
31.680000
78.410000
79.400000
59.540000
80.100000
87.500000
85.410000
89.800000
71.510000
78.800000
83.400000
4.400000
28.010000
80.510000
90.300000
90.300000
62.370000
44.420000
0.000000
45.100000
88.900000
86.010000
76.800000
37.680000
86.200000
22.530000
20.310000
24.550000
18.970000
28.460000
43.790000
79.610000
89.200000
86.610000
86.810000
88.300000
77.450000
81.440000
75.170000
86.700000
84.100000
91.600000
81.500000
16.060000
0.000000
5.760000
0.160000
0.000000
37.160000
83.800000
77.080000
85.400000
86.300000
85.610000
80.470000
0.380000
0.000000
3.960000
82.300000
38.390000
89.200000
67.300000
87.600000
89.900000
24.370000
44.400000
2.450000
77.960000
87.000000
43.200000
2.200000
1.230000
46.650000
25.970000
88.200000
87.700000
86.000000
89.100000
59.120000
1.620000
83.700000
84.910000
88.500000
79.440000
86.200000
78.000000
89.300000
23.300000
48.650000
87.600000
84.200000
85.100000
88.200000
84.600000
88.300000
41.610000
53.530000
88.300000
80.900000
79.700000
76.670000
77.910000
84.700000
76.930000
85.910000
51.650000
88.900000
8.820000
13.980000
70.610000
89.000000
81.600000
90.100000
87.000000
76.620000
86.500000
50.600000
0.000000
61.030000
84.310000
15.470000
0.000000
0.000000
10.620000
65.650000
84.910000
85.410000
87.930000
75.100000
3.380000
17.510000
63.640000
88.700000
82.200000
89.810000
28.420000
0.000000
64.560000
2.380000
0.030000
15.930000
75.060000
79.920000
73.720000
90.600000
86.900000
88.000000
29.390000
0.000000
1.560000
30.020000
85.900000
58.660000
1.000000
16.130000
86.800000
87.800000
75.760000
89.900000
39.340000
0.000000
23.570000
83.400000
84.900000
82.000000
81.710000
81.800000
77.010000
86.700000
84.640000
79.820000
87.400000
84.710000
87.600000
79.010000
16.140000
0.000000
3.340000
0.040000
4.610000
85.200000
76.510000
87.300000
88.200000
91.000000
19.150000
9.410000
37.670000
81.800000
76.880000
87.500000
54.750000
0.000000
9.810000
0.000000
60.300000
37.410000
48.230000
78.640000
83.200000
82.030000
84.220000
89.500000
82.180000
79.220000
82.010000
84.000000
84.800000
90.500000
82.600000
77.710000
88.800000
20.390000
13.070000
87.600000
5.050000
3.130000
0.040000
0.000000
0.040000
76.840000
84.120000
84.000000
3.050000
0.560000
43.040000
85.400000
69.490000
0.040000
0.000000
33.430000
81.200000
82.200000
81.800000
79.280000
81.710000
78.430000
68.590000
88.300000
89.300000
85.800000
63.090000
0.000000
37.840000
1.200000
78.710000
85.400000
86.800000
87.600000
65.500000
76.330000
84.400000
85.610000
80.440000
75.930000
78.920000
87.200000
38.900000
0.000000
36.230000
47.220000
88.000000
88.000000
81.440000
81.400000
49.130000
85.700000
89.900000
80.900000
84.820000
71.340000
92.600000
44.990000
81.470000
30.110000
87.500000
76.330000
83.200000
76.110000
91.000000
79.880000
83.010000
79.300000
86.220000
65.500000
0.210000
7.230000
0.010000
18.040000
81.470000
7.790000
0.010000
0.000000
0.000000
0.000000
38.120000
86.600000
85.120000
74.450000
3.270000
0.000000
39.370000
3.130000
27.550000
88.800000
71.440000
88.600000
17.340000
41.250000
42.800000
80.600000
82.500000
82.310000
83.800000
90.300000
87.800000
0.730000
22.360000
76.580000
34.080000
81.720000
76.120000
72.130000
82.800000
80.650000
87.010000
85.430000
70.580000
78.760000
17.440000
77.200000
55.550000
0.030000
39.630000
87.500000
25.480000
88.100000
85.800000
84.900000
88.200000
81.600000
88.200000
17.140000
59.970000
79.840000
66.710000
1.410000
79.270000
90.000000
76.090000
90.300000
87.700000
49.190000
72.430000
88.500000
84.010000
79.580000
12.020000
55.900000
0.000000
0.000000
40.960000
74.080000
61.870000
0.190000
27.510000
72.050000
75.400000
52.910000
0.000000
8.910000
39.670000
91.400000
89.200000
64.350000
33.360000
88.900000
73.220000
82.810000
76.010000
83.440000
9.550000
45.550000
80.410000
90.000000
14.220000
39.310000
83.100000
70.320000
72.710000
85.910000
87.600000
81.800000
3.160000
10.120000
88.800000
50.840000
22.690000
85.700000
87.500000
85.400000
91.700000
84.700000
12.780000
0.000000
0.000000
50.200000
84.600000
89.000000
73.890000
73.220000
89.100000
87.900000
74.670000
81.710000
4.570000
1.220000
0.000000
68.730000
59.190000
5.850000
72.510000
78.310000
63.050000
82.630000
78.910000
53.450000
1.060000
0.000000
2.720000
45.430000
34.900000
82.900000
4.460000
1.100000
0.000000
0.000000
0.020000
19.580000
72.620000
92.400000
90.800000
81.310000
89.800000
90.500000
46.900000
1.750000
77.630000
73.020000
25.590000
42.460000
8.600000
0.580000
66.120000
46.800000
77.420000
91.000000
84.200000
91.700000
70.580000
52.640000
0.000000
52.020000
3.790000
86.110000
46.490000
0.000000
0.300000
83.850000
86.700000
34.570000
35.050000
85.100000
78.500000
91.200000
80.050000
85.810000
78.900000
70.360000
0.030000
34.930000
81.800000
85.220000
84.510000
73.860000
88.800000
86.900000
7.810000
76.730000
79.600000
86.700000
85.310000
88.210000
59.120000
88.100000
11.110000
0.000000
0.660000
83.350000
88.600000
77.220000
90.900000
25.980000
89.600000
89.710000
46.980000
0.000000
29.610000
58.760000
0.000000
0.000000
0.000000
0.000000
0.000000
21.870000
28.650000
34.900000
28.830000
24.890000
57.500000
16.090000
74.940000
12.070000
0.040000
0.000000
0.000000
10.810000
26.240000
6.950000
0.010000
57.030000
71.110000
81.100000
66.790000
8.660000
10.940000
31.100000
75.220000
87.500000
92.700000
92.000000
90.400000
38.620000
0.000000
1.140000
7.320000
38.570000
1.560000
74.960000
91.400000
83.500000
75.510000
85.400000
81.410000
24.000000
1.320000
79.780000
83.100000
90.100000
88.500000
88.300000
55.760000
2.020000
0.020000
0.000000
50.950000
89.600000
73.740000
90.900000
3.310000
1.350000
0.000000
32.940000
7.090000
2.330000
4.130000
0.000000
48.140000
67.490000
26.390000
0.000000
75.410000
92.000000
85.700000
36.250000
0.060000
0.000000
0.020000
4.260000
10.150000
43.900000
14.960000
88.200000
81.220000
81.040000
91.700000
83.010000
45.200000
90.700000
83.600000
31.630000
0.000000
0.000000
39.940000
85.510000
88.300000
47.890000
3.610000
1.960000
2.680000
54.440000
90.800000
87.010000
0.780000
41.390000
72.420000
78.740000
87.100000
48.460000
6.920000
91.700000
90.200000
39.430000
0.140000
35.800000
88.300000
91.300000
78.580000
84.710000
15.890000
0.020000
42.330000
90.200000
68.120000
0.080000
7.320000
84.500000
42.180000
0.000000
62.930000
6.650000
7.720000
66.620000
79.470000
69.820000
46.720000
9.580000
4.040000
0.000000
0.000000
18.410000
88.600000
84.100000
86.620000
75.300000
86.700000
75.710000
91.800000
31.120000
20.690000
78.330000
43.200000
17.480000
89.100000
65.930000
0.160000
0.000000
2.490000
51.580000
80.600000
77.820000
78.430000
84.810000
87.100000
87.800000
45.260000
1.220000
0.080000
16.920000
58.260000
87.210000
39.100000
68.660000
79.230000
64.820000
87.800000
90.800000
88.100000
76.640000
85.700000
92.400000
78.120000
87.400000
11.460000
0.020000
22.560000
89.300000
86.400000
90.800000
80.640000
81.900000
74.350000
1.010000
0.000000
0.000000
39.140000
43.990000
35.760000
87.200000
71.430000
84.400000
83.300000
71.770000
66.510000
83.700000
57.760000
1.010000
0.000000
53.040000
49.850000
1.240000
35.050000
17.540000
0.160000
0.010000
52.800000
35.760000
0.000000
70.450000
89.100000
64.830000
76.740000
87.900000
58.600000
4.190000
0.030000
49.750000
37.870000
39.240000
85.700000
90.000000
81.440000
40.140000
0.000000
18.440000
7.560000
45.620000
87.000000
83.300000
91.100000
86.500000
80.700000
88.400000
81.810000
75.300000
86.200000
73.030000
80.150000
82.100000
86.810000
87.900000
62.820000
21.340000
78.800000
83.840000
78.220000
89.400000
84.310000
90.700000
41.010000
44.440000
39.470000
0.100000
78.830000
92.100000
61.730000
3.480000
25.300000
17.100000
50.540000
86.200000
92.100000
55.050000
4.270000
74.310000
81.440000
83.120000
83.910000
80.820000
91.100000
91.100000
90.100000
75.510000
84.500000
86.300000
33.040000
40.600000
86.100000
83.310000
91.400000
60.300000
53.030000
25.300000
26.060000
58.890000
77.020000
85.300000
89.100000
91.300000
63.420000
19.580000
0.000000
45.550000
87.100000
82.410000
87.000000
4.640000
1.570000
83.730000
87.200000
82.600000
71.570000
49.160000
89.500000
54.260000
12.670000
76.390000
56.170000
20.090000
85.600000
86.530000
28.330000
4.450000
81.860000
90.800000
82.220000
5.090000
50.660000
3.200000
0.050000
72.840000
43.230000
0.170000
12.280000
5.530000
54.210000
27.350000
0.000000
39.260000
79.510000
63.520000
0.020000
9.030000
89.100000
85.310000
15.470000
0.000000
0.000000
0.030000
1.510000
0.010000
69.630000
65.190000
69.920000
84.000000
82.410000
92.200000
68.580000
88.000000
3.560000
0.000000
51.030000
77.230000
13.230000
86.000000
85.000000
4.560000
4.710000
0.070000
0.000000
0.970000
17.150000
4.180000
75.750000
88.200000
84.600000
84.100000
36.000000
0.000000
1.210000
14.010000
79.700000
66.480000
0.000000
3.500000
0.000000
5.100000
75.920000
81.420000
35.140000
82.530000
87.000000
81.720000
88.810000
83.200000
12.030000
0.000000
2.860000
0.000000
0.060000
4.800000
56.550000
0.160000
0.000000
0.000000
0.010000
0.000000
0.000000
25.240000
85.100000
22.150000
0.000000
0.000000
0.000000
0.090000
0.080000
25.500000
8.360000
63.080000
76.200000
88.610000
54.570000
0.240000
67.270000
71.520000
82.020000
85.700000
81.700000
85.000000
91.500000
89.900000
62.880000
0.000000
30.720000
68.600000
50.310000
80.700000
54.680000
89.200000
44.300000
0.000000
2.500000
13.440000
84.900000
87.900000
91.300000
82.020000
82.400000
82.400000
90.700000
52.640000
6.240000
0.070000
0.110000
75.510000
26.740000
3.230000
46.750000
87.500000
87.700000
88.020000
83.100000
90.100000
58.670000
49.170000
84.800000
86.700000
90.100000
89.100000
36.560000
67.790000
9.480000
4.430000
2.600000
0.150000
0.000000
0.000000
0.000000
0.000000
0.000000
4.490000
83.230000
82.300000
91.500000
87.500000
88.600000
81.520000
0.280000
0.070000
2.000000
2.330000
7.150000
86.010000
7.300000
0.000000
1.900000
0.070000
71.340000
88.900000
43.940000
3.540000
13.640000
34.210000
88.200000
63.370000
0.420000
32.000000
86.500000
89.800000
50.680000
29.000000
2.480000
59.030000
81.400000
85.230000
83.400000
16.670000
4.120000
65.470000
91.300000
55.890000
54.760000
81.800000
85.500000
81.270000
39.280000
4.440000
2.120000
62.890000
53.040000
0.380000
13.070000
47.550000
7.520000
1.570000
18.680000
88.300000
88.200000
18.790000
2.160000
69.390000
26.350000
1.180000
35.770000
22.520000
1.010000
0.000000
11.610000
45.130000
62.650000
87.600000
90.500000
68.290000
84.700000
86.400000
91.300000
83.100000
60.470000
0.890000
13.800000
0.060000
1.300000
71.090000
89.200000
78.200000
89.100000
87.700000
36.360000
0.000000
0.000000
14.900000
24.940000
16.910000
1.960000
70.520000
41.660000
26.040000
72.860000
82.640000
86.800000
84.220000
86.110000
86.700000
41.460000
0.000000
28.040000
83.900000
81.220000
80.210000
41.170000
0.000000
71.820000
87.300000
80.610000
90.000000
83.630000
37.110000
80.200000
85.910000
10.870000
1.570000
0.000000
30.620000
86.710000
86.610000
86.220000
71.930000
81.190000
31.770000
84.710000
78.630000
1.830000
0.000000
4.370000
3.400000
0.000000
2.000000
67.660000
26.820000
0.020000
0.000000
2.000000
0.000000
69.170000
75.910000
23.850000
50.920000
85.410000
82.640000
84.610000
88.000000
80.600000
85.900000
65.270000
0.000000
5.140000
3.670000
12.790000
0.000000
0.000000
0.000000
0.000000
10.200000
85.900000
11.270000
3.610000
79.010000
85.910000
87.500000
89.600000
87.500000
34.810000
74.030000
88.500000
86.710000
83.700000
89.700000
82.410000
83.200000
29.300000
2.450000
75.560000
55.530000
15.170000
83.500000
88.600000
42.370000
61.830000
79.310000
80.910000
90.100000
72.450000
58.350000
58.430000
92.500000
84.510000
89.300000
70.230000
87.900000
86.410000
75.710000
86.210000
88.900000
86.700000
17.310000
4.790000
81.310000
35.750000
1.000000
11.950000
80.700000
82.100000
5.890000
0.000000
0.160000
0.000000
57.230000
62.570000
89.500000
28.650000
41.060000
81.600000
73.080000
86.610000
81.700000
85.400000
15.900000
0.020000
0.000000
0.000000
0.110000
2.120000
1.670000
13.110000
20.710000
59.530000
67.150000
83.400000
80.220000
42.560000
85.500000
77.770000
73.910000
73.570000
88.200000
80.520000
83.300000
90.700000
89.000000
72.430000
82.710000
17.050000
81.040000
64.290000
0.090000
0.060000
54.210000
85.050000
89.900000
29.910000
0.010000
33.430000
0.500000
2.050000
0.000000
31.980000
86.300000
88.800000
81.900000
90.100000
9.600000
11.350000
88.800000
87.600000
86.000000
73.750000
81.530000
87.200000
80.610000
91.900000
91.300000
27.660000
0.040000
27.080000
83.630000
0.270000
3.040000
33.890000
0.010000
0.000000
4.860000
3.840000
45.550000
87.020000
87.700000
55.880000
35.860000
87.100000
83.700000
80.930000
89.100000
90.000000
91.800000
87.700000
31.790000
0.120000
5.510000
79.020000
77.440000
12.620000
0.000000
47.360000
86.400000
77.540000
64.310000
0.000000
0.000000
69.440000
93.000000
75.500000
89.300000
74.880000
86.310000
76.660000
12.540000
0.000000
0.070000
0.000000
3.720000
75.310000
88.900000
82.500000
13.390000
30.730000
80.000000
90.400000
76.630000
90.200000
64.670000
0.140000
12.780000
89.400000
31.930000
0.190000
29.030000
54.010000
91.800000
80.900000
90.400000
87.000000
89.100000
85.100000
73.400000
0.040000
0.180000
23.640000
46.670000
0.100000
0.120000
0.000000
12.890000
10.610000
20.250000
58.470000
75.500000
73.180000
34.500000
86.320000
87.700000
72.070000
44.330000
0.410000
0.210000
18.230000
88.900000
87.900000
89.300000
76.770000
87.200000
25.440000
62.730000
87.700000
70.820000
67.770000
93.300000
82.920000
55.530000
27.860000
68.670000
85.900000
85.700000
89.000000
83.540000
88.400000
74.090000
0.690000
0.000000
1.190000
1.740000
23.760000
0.000000
45.570000
67.040000
75.990000
64.040000
0.320000
0.030000
0.000000
0.040000
44.390000
71.140000
89.200000
88.100000
8.110000
0.000000
2.120000
6.190000
83.450000
88.300000
80.440000
47.430000
0.000000
0.000000
7.950000
0.110000
0.000000
0.000000
3.350000
61.260000
0.000000
0.000000
16.120000
39.920000
49.920000
0.110000
11.020000
69.270000
76.520000
5.460000
0.000000
23.830000
1.560000
63.650000
86.500000
73.630000
21.450000
0.000000
0.000000
1.100000
74.730000
75.200000
62.050000
61.930000
47.320000
87.410000
90.200000
67.570000
0.160000
0.000000
7.380000
17.750000
1.420000
33.890000
84.100000
14.560000
11.500000
84.500000
84.410000
91.100000
46.560000
13.040000
11.630000
0.000000
1.330000
57.410000
61.140000
13.410000
21.460000
4.550000
0.000000
28.570000
37.770000
66.930000
84.400000
57.370000
1.470000
3.510000
5.220000
80.340000
82.500000
65.900000
75.200000
88.700000
87.800000
90.700000
88.800000
79.910000
82.900000
83.220000
90.000000
21.990000
33.020000
0.040000
2.250000
69.870000
86.900000
84.710000
91.400000
87.200000
31.960000
33.150000
25.760000
13.290000
71.670000
0.000000
0.000000
0.010000
0.280000
28.500000
53.530000
79.600000
86.900000
80.100000
24.680000
0.000000
10.360000
86.900000
85.100000
89.100000
55.190000
0.000000
17.070000
88.900000
25.220000
45.710000
88.300000
84.000000
76.920000
88.600000
84.500000
83.700000
84.400000
83.110000
87.300000
6.960000
47.350000
85.400000
82.910000
71.260000
0.490000
47.460000
89.700000
85.400000
87.200000
17.490000
1.030000
3.370000
69.340000
4.750000
28.340000
71.220000
82.000000
74.970000
89.400000
79.660000
87.300000
25.060000
2.260000
0.000000
33.360000
41.650000
87.800000
89.600000
79.160000
0.730000
0.000000
22.570000
22.260000
3.300000
79.710000
34.440000
1.160000
0.020000
80.220000
57.050000
69.740000
90.800000
83.910000
84.400000
86.200000
83.900000
86.710000
84.910000
16.250000
0.000000
0.000000
0.000000
53.590000
90.700000
26.290000
0.030000
33.810000
77.960000
39.380000
0.000000
3.720000
78.120000
90.800000
83.700000
82.910000
82.420000
88.800000
80.330000
89.300000
89.700000
93.200000
6.180000
3.380000
0.000000
14.420000
11.750000
0.520000
0.060000
0.000000
11.600000
86.810000
33.950000
57.070000
70.480000
86.900000
41.430000
11.560000
84.510000
10.210000
0.590000
84.200000
74.850000
87.700000
91.600000
84.400000
92.000000
87.300000
84.500000
16.010000
38.780000
45.310000
71.510000
85.800000
91.900000
54.230000
88.100000
89.600000
66.870000
84.930000
2.930000
0.100000
0.000000
0.000000
12.760000
75.800000
1.370000
61.940000
2.920000
2.250000
0.000000
30.620000
0.760000
7.060000
78.920000
47.860000
22.310000
42.680000
64.820000
0.130000
0.090000
74.930000
89.800000
91.100000
75.360000
76.840000
77.690000
30.030000
52.040000
27.750000
87.400000
69.190000
84.000000
52.090000
0.000000
26.970000
34.860000
12.950000
54.440000
1.290000
4.720000
0.000000
39.180000
79.500000
72.170000
80.120000
0.010000
0.000000
64.850000
84.200000
18.050000
79.100000
41.730000
0.000000
0.000000
47.570000
0.250000
0.110000
4.320000
0.000000
0.000000
20.780000
86.400000
90.600000
87.100000
89.200000
26.680000
4.420000
0.840000
71.260000
81.120000
75.560000
52.670000
5.800000
0.000000
13.560000
60.380000
1.690000
47.050000
9.920000
59.440000
0.060000
62.530000
81.740000
90.300000
49.250000
78.160000
78.290000
14.630000
21.790000
50.370000
4.170000
69.980000
2.150000
12.430000
8.420000
0.010000
1.240000
3.030000
0.000000
39.240000
48.580000
3.680000
0.140000
33.360000
76.670000
6.370000
46.840000
88.100000
83.420000
77.540000
84.630000
85.200000
60.510000
34.030000
84.900000
89.500000
90.100000
84.600000
84.300000
84.300000
91.600000
66.510000
87.800000
84.100000
51.530000
0.000000
1.150000
0.260000
25.690000
90.900000
91.900000
85.800000
58.330000
11.510000
83.500000
38.550000
72.720000
1.230000
76.400000
30.360000
0.000000
2.130000
64.310000
84.730000
34.000000
66.920000
49.780000
32.330000
85.700000
70.900000
74.060000
90.100000
91.400000
86.900000
89.300000
87.200000
71.880000
78.910000
79.820000
89.100000
84.020000
55.720000
3.190000
0.000000
34.140000
62.170000
0.000000
2.260000
81.130000
54.450000
0.000000
28.880000
87.400000
87.600000
82.000000
85.600000
92.900000
25.770000
35.210000
81.500000
51.420000
1.460000
67.940000
86.330000
72.380000
85.800000
63.240000
0.050000
30.770000
12.230000
0.730000
3.840000
25.550000
80.330000
72.470000
37.840000
1.120000
62.040000
76.620000
14.090000
65.620000
90.800000
51.260000
0.090000
1.000000
28.750000
89.200000
45.520000
84.400000
82.910000
62.730000
49.200000
0.340000
17.740000
77.960000
83.230000
87.400000
73.880000
22.310000
59.930000
45.390000
1.460000
0.020000
2.640000
1.080000
16.600000
87.400000
86.300000
79.560000
76.400000
88.600000
75.310000
4.520000
45.560000
10.420000
21.990000
81.240000
87.700000
77.010000
84.220000
83.600000
91.700000
40.410000
0.050000
74.620000
87.900000
88.900000
80.610000
70.580000
44.000000
77.820000
78.910000
77.310000
83.200000
6.720000
0.000000
73.230000
78.240000
85.700000
87.700000
2.080000
1.150000
22.060000
29.870000
60.560000
91.000000
91.200000
79.720000
90.800000
84.120000
89.200000
8.880000
0.000000
63.020000
90.500000
49.380000
42.830000
66.300000
0.160000
69.620000
29.270000
25.860000
2.370000
4.990000
0.000000
0.000000
41.890000
73.390000
83.110000
86.210000
52.910000
87.700000
60.550000
4.370000
67.710000
87.900000
86.920000
83.400000
79.860000
18.250000
0.000000
0.340000
11.950000
64.100000
45.800000
1.580000
59.810000
82.110000
74.230000
88.800000
88.110000
89.000000
55.690000
33.960000
6.570000
87.300000
79.200000
88.100000
32.490000
0.000000
57.240000
4.710000
37.710000
0.050000
56.660000
88.200000
41.970000
0.080000
0.000000
0.100000
77.550000
88.600000
87.300000
85.110000
83.300000
46.390000
21.850000
0.010000
24.550000
78.510000
89.000000
90.400000
78.570000
86.000000
55.270000
6.260000
83.840000
89.900000
46.380000
55.460000
23.770000
75.750000
73.040000
78.280000
66.090000
89.610000
87.000000
86.300000
81.350000
89.900000
92.000000
24.470000
10.980000
63.040000
40.100000
0.370000
0.140000
76.350000
86.700000
68.700000
19.550000
35.040000
26.800000
13.110000
7.240000
2.100000
22.720000
0.010000
0.000000
40.720000
81.440000
9.490000
19.350000
85.000000
87.600000
62.030000
53.290000
47.140000
0.260000
65.870000
58.530000
13.810000
32.760000
86.210000
90.500000
89.300000
85.200000
74.750000
4.280000
0.000000
0.000000
0.000000
33.760000
75.540000
87.400000
39.010000
1.790000
0.010000
18.770000
38.110000
87.700000
12.440000
1.000000
80.120000
81.030000
85.300000
88.800000
87.800000
88.500000
78.510000
38.620000
0.010000
1.100000
0.000000
0.140000
29.840000
0.000000
6.720000
2.830000
8.130000
83.200000
85.000000
79.930000
86.300000
87.600000
42.520000
14.230000
80.990000
65.580000
55.050000
32.430000
19.180000
0.000000
62.470000
78.740000
31.600000
37.650000
85.200000
84.400000
4.850000
9.010000
0.190000
30.710000
77.210000
89.100000
91.600000
63.720000
81.720000
86.500000
81.000000
87.400000
88.700000
87.700000
80.500000
87.100000
84.320000
86.600000
70.970000
77.130000
30.280000
35.240000
28.840000
23.370000
82.100000
89.400000
85.400000
89.700000
88.300000
85.000000
71.060000
82.100000
86.420000
86.200000
87.700000
87.410000
1.000000
7.470000
77.360000
29.120000
84.900000
82.230000
73.930000
0.090000
42.870000
81.810000
79.640000
84.560000
0.120000
18.710000
80.530000
84.510000
26.310000
87.000000
87.900000
56.480000
35.750000
0.000000
6.430000
60.210000
83.900000
88.000000
21.010000
1.180000
45.100000
89.400000
89.500000
68.710000
84.700000
11.700000
53.110000
85.900000
86.200000
75.900000
21.920000
0.000000
0.010000
53.530000
48.020000
33.260000
8.080000
7.330000
15.670000
36.880000
80.440000
88.600000
70.750000
71.060000
3.540000
0.040000
17.750000
92.300000
62.490000
84.830000
82.590000
63.220000
50.210000
73.140000
82.610000
60.620000
59.210000
90.000000
44.640000
40.610000
62.590000
0.130000
40.470000
78.400000
73.930000
85.630000
84.500000
70.600000
81.600000
80.500000
31.620000
59.250000
0.030000
4.210000
0.050000
3.130000
3.690000
41.230000
87.100000
89.200000
68.840000
71.930000
83.300000
86.400000
81.800000
86.140000
45.710000
81.700000
40.580000
92.200000
24.260000
0.000000
61.340000
86.400000
84.310000
76.810000
86.710000
59.770000
41.150000
76.570000
20.840000
0.010000
35.970000
89.800000
74.140000
71.760000
6.910000
86.410000
10.880000
0.000000
0.010000
54.230000
83.520000
78.660000
88.600000
74.510000
18.680000
46.050000
0.000000
0.000000
40.200000
82.000000
27.530000
1.150000
27.830000
91.600000
11.280000
1.230000
8.000000
18.760000
1.250000
0.000000
0.000000
41.640000
67.660000
84.200000
88.000000
79.900000
71.770000
0.170000
0.000000
61.410000
81.910000
80.000000
84.400000
81.710000
83.500000
90.900000
88.900000
88.700000
17.960000
15.880000
78.640000
61.920000
90.300000
48.220000
25.790000
92.600000
88.500000
56.790000
80.830000
88.200000
64.020000
68.060000
84.710000
24.130000
0.000000
0.000000
67.740000
21.340000
71.050000
84.700000
84.900000
60.850000
1.680000
5.450000
6.190000
0.050000
6.090000
34.170000
76.560000
52.340000
91.600000
75.670000
52.220000
0.140000
3.410000
82.530000
83.900000
83.820000
46.940000
30.630000
80.140000
58.180000
0.160000
0.000000
52.400000
69.870000
86.600000
86.800000
89.800000
88.800000
39.070000
0.000000
34.440000
78.510000
75.110000
82.510000
82.000000
89.800000
18.000000
0.000000
58.320000
81.800000
35.010000
0.280000
83.100000
91.600000
22.720000
0.000000
82.820000
70.940000
0.670000
58.740000
59.720000
0.730000
0.000000
0.010000
26.410000
80.220000
76.120000
36.340000
73.940000
53.170000
37.280000
83.410000
39.290000
41.570000
85.240000
50.430000
70.760000
41.940000
50.520000
61.060000
71.240000
77.720000
60.270000
81.440000
82.710000
81.830000
78.130000
48.770000
8.540000
88.800000
72.840000
89.800000
81.220000
72.750000
89.500000
89.100000
71.920000
0.410000
26.480000
86.600000
89.400000
85.600000
74.910000
72.640000
0.250000
1.490000
1.000000
22.120000
85.000000
62.270000
0.000000
65.350000
86.800000
42.560000
0.240000
0.110000
0.000000
1.550000
71.530000
91.100000
85.100000
17.170000
59.420000
76.600000
33.070000
35.640000
0.000000
0.000000
0.100000
3.970000
1.490000
32.110000
25.280000
0.020000
39.190000
88.900000
82.600000
91.100000
70.180000
17.950000
0.170000
64.630000
71.850000
78.890000
82.520000
49.070000
4.550000
79.530000
81.440000
13.940000
52.500000
88.800000
82.440000
85.200000
80.830000
84.130000
90.000000
79.410000
58.010000
71.910000
91.500000
81.700000
84.410000
85.700000
79.230000
0.360000
0.400000
0.000000
31.460000
9.520000
2.890000
17.020000
65.910000
74.340000
56.360000
24.510000
14.840000
49.150000
61.430000
91.200000
80.810000
41.060000
7.050000
0.000000
0.000000
31.510000
65.860000
87.810000
87.500000
86.000000
3.270000
0.000000
0.160000
63.460000
62.800000
19.070000
80.510000
74.220000
84.600000
86.800000
84.400000
82.300000
87.500000
84.700000
87.800000
74.980000
26.930000
72.050000
88.110000
71.030000
87.200000
77.940000
85.410000
77.010000
72.140000
87.500000
81.700000
91.200000
87.000000
64.890000
24.410000
0.030000
70.990000
87.400000
90.000000
85.110000
84.610000
35.670000
0.000000
20.000000
0.120000
47.820000
71.250000
67.950000
83.110000
8.230000
18.890000
71.290000
88.000000
87.200000
81.160000
87.900000
88.400000
87.800000
85.000000
90.600000
61.930000
92.700000
90.000000
82.900000
92.500000
81.000000
89.700000
76.320000
65.960000
4.480000
4.780000
16.020000
0.000000
9.980000
87.500000
88.820000
84.000000
15.270000
0.010000
0.000000
0.010000
57.240000
89.700000
88.300000
4.110000
48.870000
2.360000
81.230000
17.330000
0.000000
38.460000
85.800000
84.000000
65.300000
19.570000
14.520000
88.500000
42.030000
31.330000
87.000000
81.320000
4.040000
60.640000
88.000000
89.000000
88.010000
90.400000
41.920000
78.670000
62.130000
86.200000
2.640000
64.910000
70.000000
33.350000
0.010000
2.780000
47.410000
85.300000
71.540000
89.000000
56.830000
33.620000
81.400000
21.290000
0.110000
27.850000
63.990000
0.040000
0.140000
85.630000
88.300000
25.490000
40.610000
19.970000
40.070000
0.000000
21.330000
82.210000
65.720000
90.300000
83.210000
79.040000
85.110000
78.570000
80.010000
35.960000
91.200000
78.220000
87.600000
82.400000
75.520000
86.400000
84.700000
85.100000
79.700000
51.940000
23.370000
88.300000
45.920000
25.650000
88.500000
55.130000
78.800000
89.900000
86.400000
89.200000
86.000000
89.400000
77.920000
27.800000
0.000000
2.240000
65.230000
87.200000
91.800000
79.000000
63.970000
30.860000
0.010000
71.810000
73.110000
0.480000
52.620000
87.100000
89.110000
82.000000
37.670000
0.940000
85.010000
91.100000
90.100000
74.130000
34.020000
0.000000
0.100000
0.000000
1.130000
0.000000
23.050000
77.030000
72.820000
35.160000
23.820000
8.800000
62.140000
73.500000
92.400000
85.910000
81.810000
77.110000
86.300000
87.500000
82.400000
83.110000
85.000000
84.720000
90.900000
91.400000
38.340000
4.470000
5.990000
62.960000
86.300000
82.450000
6.230000
41.510000
17.990000
0.000000
32.170000
84.700000
78.470000
0.910000
19.350000
78.370000
66.180000
8.470000
0.000000
1.670000
43.970000
26.450000
0.000000
35.870000
67.210000
85.700000
79.920000
85.000000
65.800000
23.400000
70.060000
90.000000
85.700000
80.530000
83.810000
85.510000
85.000000
58.410000
57.090000
0.000000
55.710000
6.180000
78.500000
91.700000
85.400000
27.920000
11.120000
1.390000
0.000000
3.370000
0.000000
17.550000
78.660000
86.900000
34.700000
0.000000
37.200000
89.400000
55.160000
72.190000
70.840000
76.020000
0.070000
38.090000
86.900000
88.000000
82.700000
80.260000
69.100000
55.820000
86.700000
51.540000
72.590000
85.710000
66.240000
74.040000
90.400000
80.890000
86.420000
83.100000
89.800000
90.300000
83.420000
78.540000
79.000000
78.730000
84.130000
78.830000
83.400000
81.240000
85.000000
42.900000
0.050000
0.240000
29.500000
81.180000
65.260000
4.310000
86.800000
80.040000
82.230000
87.000000
86.110000
91.700000
43.780000
9.230000
89.010000
84.600000
89.000000
92.900000
88.200000
82.710000
8.490000
1.120000
4.830000
86.700000
49.430000
0.290000
54.420000
79.700000
89.110000
54.210000
0.090000
0.090000
18.940000
36.810000
0.000000
0.000000
3.980000
4.290000
0.000000
1.110000
0.080000
39.720000
85.710000
87.600000
83.920000
18.650000
34.730000
0.000000
47.150000
87.300000
76.670000
36.900000
64.070000
0.000000
12.350000
67.850000
1.550000
43.010000
64.090000
66.830000
0.070000
0.000000
58.240000
85.420000
83.150000
88.700000
85.020000
77.920000
82.470000
0.560000
0.040000
29.630000
86.210000
74.320000
39.800000
3.990000
11.110000
68.970000
0.060000
0.170000
71.900000
83.130000
80.230000
79.850000
84.010000
69.260000
85.200000
84.900000
73.020000
70.710000
73.040000
83.810000
90.900000
14.680000
0.000000
0.040000
33.230000
54.700000
87.300000
85.900000
77.550000
77.350000
1.970000
0.000000
0.000000
35.180000
29.020000
0.010000
0.010000
67.900000
86.700000
77.950000
85.400000
82.200000
83.210000
87.400000
88.500000
84.400000
77.120000
75.070000
88.500000
76.770000
78.770000
52.120000
86.300000
89.000000
63.990000
87.100000
87.300000
60.900000
82.410000
42.390000
0.020000
0.010000
0.000000
0.120000
26.270000
86.200000
85.210000
70.920000
78.340000
86.700000
79.590000
33.710000
18.840000
2.840000
55.740000
88.400000
87.400000
48.790000
10.210000
70.940000
82.060000
90.400000
54.060000
90.800000
86.800000
3.870000
26.760000
63.670000
0.010000
0.000000
0.520000
0.260000
1.710000
0.000000
0.000000
44.180000
87.200000
83.520000
78.100000
83.100000
88.000000
91.000000
59.480000
58.720000
91.300000
87.400000
88.200000
76.570000
81.850000
0.050000
0.520000
14.830000
8.950000
0.000000
51.620000
2.130000
69.260000
84.600000
83.700000
72.140000
55.060000
80.910000
86.600000
76.460000
