1.000000
5.430000
37.600000
4.640000
3.350000
3.540000
2.080000
2.360000
7.350000
4.620000
15.800000
3.260000
1.000000
1.000000
2.360000
6.500000
26.630000
10.050000
1.000000
13.810000
12.590000
10.300000
12.100000
9.070000
9.570000
25.160000
10.430000
5.310000
1.000000
50.950000
4.430000
11.290000
1.000000
1.000000
1.000000
19.680000
7.090000
23.810000
10.100000
28.600000
24.100000
10.120000
43.980000
24.990000
16.080000
12.530000
20.210000
27.770000
17.240000
25.970000
43.350000
36.120000
42.030000
75.000000
74.010000
30.740000
49.140000
80.830000
59.970000
73.940000
55.490000
80.000000
63.990000
70.400000
73.000000
29.470000
17.910000
48.900000
64.200000
64.440000
28.810000
80.300000
